3 1.04219 1.04219 2 1 0
2.99811 1.04153 1.04153 1 1 0
2.99622 1.04088 1.04088 1 1 0
2.99433 1.04022 1.04022 1 1 0
2.99244 1.03956 1.03956 1 1 0
2.99055 1.03891 1.03891 1 1 0
2.98866 1.03825 1.03825 1 1 0
2.98678 1.03759 1.03759 1 1 0
2.98489 1.03694 1.03694 1 1 0
2.983 1.03628 1.03628 1 1 0
2.98111 1.03563 1.03563 1 1 0
2.97922 1.03497 1.03497 1 1 0
2.97733 1.03431 1.03431 1 1 0
2.97544 1.03366 1.03366 1 1 0
2.97355 1.033 1.033 1 1 0
2.97166 1.03234 1.03234 1 1 0
2.96977 1.03169 1.03169 1 1 0
2.96788 1.03103 1.03103 1 1 0
2.96599 1.03038 1.03038 1 1 0
2.9641 1.02972 1.02972 1 1 0
2.96221 1.02906 1.02906 1 1 0
2.96033 1.02841 1.02841 1 1 0
2.95844 1.02775 1.02775 1 1 0
2.95655 1.02709 1.02709 1 1 0
2.95466 1.02644 1.02644 1 1 0
2.95277 1.02578 1.02578 1 1 0
2.95088 1.02513 1.02513 1 1 0
2.94899 1.02447 1.02447 1 1 0
2.9471 1.02381 1.02381 1 1 0
2.94521 1.02316 1.02316 1 1 0
2.94332 1.0225 1.0225 1 1 0
2.94143 1.02184 1.02184 1 1 0
2.93954 1.02119 1.02119 1 1 0
2.93765 1.02053 1.02053 1 1 0
2.93576 1.01988 1.01988 1 1 0
2.93388 1.01922 1.01922 1 1 0
2.93199 1.01856 1.01856 1 1 0
2.9301 1.01791 1.01791 1 1 0
2.92821 1.01725 1.01725 1 1 0
2.92632 1.01659 1.01659 1 1 0
2.92443 1.01594 1.01594 1 1 0
2.92254 1.01528 1.01528 1 1 0
2.92065 1.01463 1.01463 1 1 0
2.91876 1.01397 1.01397 1 1 0
2.91687 1.01331 1.01331 1 1 0
2.91498 1.01266 1.01266 1 1 0
2.91309 1.012 1.012 1 1 0
2.9112 1.01135 1.01135 1 1 0
2.90931 1.01069 1.01069 1 1 0
2.90743 1.01003 1.01003 1 1 0
2.90554 1.00938 1.00938 1 1 0
2.90365 1.00872 1.00872 1 1 0
2.90176 1.00806 1.00806 1 1 0
2.89987 1.00741 1.00741 1 1 0
2.89798 1.00675 1.00675 1 1 0
2.89609 1.0061 1.0061 1 1 0
2.8942 1.00544 1.00544 1 1 0
2.89231 1.00478 1.00478 1 1 0
2.89042 1.00413 1.00413 1 1 0
2.88853 1.00347 1.00347 1 1 0
2.88664 1.00281 1.00281 1 1 0
2.88475 1.00216 1.00216 1 1 0
2.88286 1.0015 1.0015 1 1 0
2.88098 1.00085 1.00085 1 1 0
2.87909 1.00019 1.00019 1 1 0
2.8772 0.999533 0.999533 1 1 0
2.87531 0.998877 0.998877 1 1 0
2.87342 0.998221 0.998221 1 1 0
2.87153 0.997565 0.997565 1 1 0
2.86964 0.996909 0.996909 1 1 0
2.86775 0.996252 0.996252 1 1 0
2.86586 0.995596 0.995596 1 1 0
2.86397 0.99494 0.99494 1 1 0
2.86208 0.994284 0.994284 1 1 0
2.86019 0.993628 0.993628 1 1 0
2.8583 0.992971 0.992971 1 1 0
2.85641 0.992315 0.992315 1 1 0
2.85453 0.991659 0.991659 1 1 0
2.85264 0.991003 0.991003 1 1 0
2.85075 0.990347 0.990347 1 1 0
2.84886 0.98969 0.98969 1 1 0
2.84697 0.989034 0.989034 1 1 0
2.84508 0.988378 0.988378 1 1 0
2.84319 0.987722 0.987722 1 1 0
2.8413 0.987066 0.987066 1 1 0
2.83941 0.986409 0.986409 1 1 0
2.83752 0.985753 0.985753 1 1 0
2.83563 0.985097 0.985097 1 1 0
2.83374 0.984441 0.984441 1 1 0
2.83185 0.983785 0.983785 1 1 0
2.82996 0.983129 0.983129 1 1 0
2.82808 0.982472 0.982472 1 1 0
2.82619 0.981816 0.981816 1 1 0
2.8243 0.98116 0.98116 1 1 0
2.82241 0.980504 0.980504 1 1 0
2.82052 0.979848 0.979848 1 1 0
2.81863 0.979191 0.979191 1 1 0
2.81674 0.978535 0.978535 1 1 0
2.81485 0.977879 0.977879 1 1 0
2.81296 0.977223 0.977223 1 1 0
2.81107 0.976567 0.976567 1 1 0
2.80918 0.97591 0.97591 1 1 0
2.80729 0.975254 0.975254 1 1 0
2.8054 0.974598 0.974598 1 1 0
2.80351 0.973942 0.973942 1 1 0
2.80163 0.973286 0.973286 1 1 0
2.79974 0.97263 0.97263 1 1 0
2.79785 0.971973 0.971973 1 1 0
2.79596 0.971317 0.971317 1 1 0
2.79407 0.970661 0.970661 1 1 0
2.79218 0.970005 0.970005 1 1 0
2.79029 0.969349 0.969349 1 1 0
2.7884 0.968693 0.968693 1 1 0
2.78651 0.968036 0.968036 1 1 0
2.78462 0.96738 0.96738 1 1 0
2.78273 0.966724 0.966724 1 1 0
2.78084 0.966068 0.966068 1 1 0
2.77895 0.965412 0.965412 1 1 0
2.77706 0.964756 0.964756 1 1 0
2.77518 0.964099 0.964099 1 1 0
2.77329 0.963443 0.963443 1 1 0
2.7714 0.962787 0.962787 1 1 0
2.76951 0.962131 0.962131 1 1 0
2.76762 0.961475 0.961475 1 1 0
2.76573 0.960819 0.960819 1 1 0
2.76384 0.960162 0.960162 1 1 0
2.76195 0.959506 0.959506 1 1 0
2.76006 0.95885 0.95885 1 1 0
2.75817 0.958194 0.958194 1 1 0
2.75628 0.957538 0.957538 1 1 0
2.75439 0.956882 0.956882 1 1 0
2.7525 0.956225 0.956225 1 1 0
2.75061 0.955569 0.955569 1 1 0
2.74873 0.954913 0.954913 1 1 0
2.74684 0.954257 0.954257 1 1 0
2.74495 0.953601 0.953601 1 1 0
2.74306 0.952945 0.952945 1 1 0
2.74117 0.952288 0.952288 1 1 0
2.73928 0.951632 0.951632 1 1 0
2.73739 0.950976 0.950976 1 1 0
2.7355 0.95032 0.95032 1 1 0
2.73361 0.949664 0.949664 1 1 0
2.73172 0.949008 0.949008 1 1 0
2.72983 0.948352 0.948352 1 1 0
2.72794 0.947695 0.947695 1 1 0
2.72605 0.947039 0.947039 1 1 0
2.72416 0.946383 0.946383 1 1 0
2.72228 0.945727 0.945727 1 1 0
2.72039 0.945071 0.945071 1 1 0
2.7185 0.944415 0.944415 1 1 0
2.71661 0.943759 0.943759 1 1 0
2.71472 0.943102 0.943102 1 1 0
2.71283 0.942446 0.942446 1 1 0
2.71094 0.94179 0.94179 1 1 0
2.70905 0.941134 0.941134 1 1 0
2.70716 0.940478 0.940478 1 1 0
2.70527 0.939822 0.939822 1 1 0
2.70338 0.939166 0.939166 1 1 0
2.70149 0.938509 0.938509 1 1 0
2.6996 0.937853 0.937853 1 1 0
2.69771 0.937197 0.937197 1 1 0
2.69583 0.936541 0.936541 1 1 0
2.69394 0.935885 0.935885 1 1 0
2.69205 0.935229 0.935229 1 1 0
2.69016 0.934573 0.934573 1 1 0
2.68827 0.933917 0.933917 1 1 0
2.68638 0.93326 0.93326 1 1 0
2.68449 0.932604 0.932604 1 1 0
2.6826 0.931948 0.931948 1 1 0
2.68071 0.931292 0.931292 1 1 0
2.67882 0.930636 0.930636 1 1 0
2.67693 0.92998 0.92998 1 1 0
2.67504 0.929324 0.929324 1 1 0
2.67315 0.928668 0.928668 1 1 0
2.67126 0.928011 0.928011 1 1 0
2.66938 0.927355 0.927355 1 1 0
2.66749 0.926699 0.926699 1 1 0
2.6656 0.926043 0.926043 1 1 0
2.66371 0.925387 0.925387 1 1 0
2.66182 0.924731 0.924731 1 1 0
2.65993 0.924075 0.924075 1 1 0
2.65804 0.923419 0.923419 1 1 0
2.65615 0.922763 0.922763 1 1 0
2.65426 0.922106 0.922106 1 1 0
2.65237 0.92145 0.92145 1 1 0
2.65048 0.920794 0.920794 1 1 0
2.64859 0.920138 0.920138 1 1 0
2.6467 0.919482 0.919482 1 1 0
2.64481 0.918826 0.918826 1 1 0
2.64292 0.91817 0.91817 1 1 0
2.64104 0.917514 0.917514 1 1 0
2.63915 0.916858 0.916858 1 1 0
2.63726 0.916202 0.916202 1 1 0
2.63537 0.915545 0.915545 1 1 0
2.63348 0.914889 0.914889 1 1 0
2.63159 0.914233 0.914233 1 1 0
2.6297 0.913577 0.913577 1 1 0
2.62781 0.912921 0.912921 1 1 0
2.62592 0.912265 0.912265 1 1 0
2.62403 0.911609 0.911609 1 1 0
2.62214 0.910953 0.910953 1 1 0
2.62025 0.910297 0.910297 1 1 0
2.61836 0.909641 0.909641 1 1 0
2.61647 0.908985 0.908985 1 1 0
2.61459 0.908328 0.908328 1 1 0
2.6127 0.907672 0.907672 1 1 0
2.61081 0.907016 0.907016 1 1 0
2.60892 0.90636 0.90636 1 1 0
2.60703 0.905704 0.905704 1 1 0
2.60514 0.905048 0.905048 1 1 0
2.60325 0.904392 0.904392 1 1 0
2.60136 0.903736 0.903736 1 1 0
2.59947 0.90308 0.90308 1 1 0
2.59758 0.902424 0.902424 1 1 0
2.59569 0.901768 0.901768 1 1 0
2.5938 0.901112 0.901112 1 1 0
2.59191 0.900456 0.900456 1 1 0
2.59002 0.8998 0.8998 1 1 0
2.58813 0.899143 0.899143 1 1 0
2.58625 0.898487 0.898487 1 1 0
2.58436 0.897831 0.897831 1 1 0
2.58247 0.897175 0.897175 1 1 0
2.58058 0.896519 0.896519 1 1 0
2.57869 0.895863 0.895863 1 1 0
2.5768 0.895207 0.895207 1 1 0
2.57491 0.894551 0.894551 1 1 0
2.57302 0.893895 0.893895 1 1 0
2.57113 0.893239 0.893239 1 1 0
2.56924 0.892583 0.892583 1 1 0
2.56735 0.891927 0.891927 1 1 0
2.56546 0.891271 0.891271 1 1 0
2.56357 0.890615 0.890615 1 1 0
2.56168 0.889959 0.889959 1 1 0
2.5598 0.889303 0.889303 1 1 0
2.55791 0.888647 0.888647 1 1 0
2.55602 0.887991 0.887991 1 1 0
2.55413 0.887335 0.887335 1 1 0
2.55224 0.886679 0.886679 1 1 0
2.55035 0.886023 0.886023 1 1 0
2.54846 0.885367 0.885367 1 1 0
2.54657 0.884711 0.884711 1 1 0
2.54468 0.884055 0.884055 1 1 0
2.54279 0.883399 0.883399 1 1 0
2.5409 0.882743 0.882743 1 1 0
2.53901 0.882087 0.882087 1 1 0
2.53712 0.88143 0.88143 1 1 0
2.53523 0.880774 0.880774 1 1 0
2.53334 0.880118 0.880118 1 1 0
2.53146 0.879462 0.879462 1 1 0
2.52957 0.878806 0.878806 1 1 0
2.52768 0.87815 0.87815 1 1 0
2.52579 0.877494 0.877494 1 1 0
2.5239 0.876838 0.876838 1 1 0
2.52201 0.876182 0.876182 1 1 0
2.52012 0.875526 0.875526 1 1 0
2.51823 0.87487 0.87487 1 1 0
2.51634 0.874214 0.874214 1 1 0
2.51445 0.873558 0.873558 1 1 0
2.51256 0.872902 0.872902 1 1 0
2.51067 0.872246 0.872246 1 1 0
2.50878 0.871591 0.871591 1 1 0
2.50689 0.870935 0.870935 1 1 0
2.50501 0.870279 0.870279 1 1 0
2.50312 0.869623 0.869623 1 1 0
2.50123 0.868967 0.868967 1 1 0
2.49934 0.868311 0.868311 1 1 0
2.49745 0.867655 0.867655 1 1 0
2.49556 0.866999 0.866999 1 1 0
2.49367 0.866343 0.866343 1 1 0
2.49178 0.865687 0.865687 1 1 0
2.48989 0.865031 0.865031 1 1 0
2.488 0.864375 0.864375 1 1 0
2.48611 0.863719 0.863719 1 1 0
2.48422 0.863063 0.863063 1 1 0
2.48233 0.862407 0.862407 1 1 0
2.48044 0.861751 0.861751 1 1 0
2.47855 0.861095 0.861095 1 1 0
2.47667 0.860439 0.860439 1 1 0
2.47478 0.859783 0.859783 1 1 0
2.47289 0.859127 0.859127 1 1 0
2.471 0.858471 0.858471 1 1 0
2.46911 0.857815 0.857815 1 1 0
2.46722 0.857159 0.857159 1 1 0
2.46533 0.856503 0.856503 1 1 0
2.46344 0.855848 0.855848 1 1 0
2.46155 0.855192 0.855192 1 1 0
2.45966 0.854536 0.854536 1 1 0
2.45777 0.85388 0.85388 1 1 0
2.45588 0.853224 0.853224 1 1 0
2.45399 0.852568 0.852568 1 1 0
2.4521 0.851912 0.851912 1 1 0
2.45022 0.851256 0.851256 1 1 0
2.44833 0.8506 0.8506 1 1 0
2.44644 0.849944 0.849944 1 1 0
2.44455 0.849288 0.849288 1 1 0
2.44266 0.848632 0.848632 1 1 0
2.44077 0.847977 0.847977 1 1 0
2.43888 0.847321 0.847321 1 1 0
2.43699 0.846665 0.846665 1 1 0
2.4351 0.846009 0.846009 1 1 0
2.43321 0.845353 0.845353 1 1 0
2.43132 0.844697 0.844697 1 1 0
2.42943 0.844041 0.844041 1 1 0
2.42754 0.843385 0.843385 1 1 0
2.42565 0.842729 0.842729 1 1 0
2.42376 0.842074 0.842074 1 1 0
2.42188 0.841418 0.841418 1 1 0
2.41999 0.840762 0.840762 1 1 0
2.4181 0.840106 0.840106 1 1 0
2.41621 0.83945 0.83945 1 1 0
2.41432 0.838794 0.838794 1 1 0
2.41243 0.838138 0.838138 1 1 0
2.41054 0.837483 0.837483 1 1 0
2.40865 0.836827 0.836827 1 1 0
2.40676 0.836171 0.836171 1 1 0
2.40487 0.835515 0.835515 1 1 0
2.40298 0.834859 0.834859 1 1 0
2.40109 0.834203 0.834203 1 1 0
2.3992 0.833548 0.833548 1 1 0
2.39731 0.832892 0.832892 1 1 0
2.39542 0.832236 0.832236 1 1 0
2.39354 0.83158 0.83158 1 1 0
2.39165 0.830924 0.830924 1 1 0
2.38976 0.830268 0.830268 1 1 0
2.38787 0.829613 0.829613 1 1 0
2.38598 0.828957 0.828957 1 1 0
2.38409 0.828301 0.828301 1 1 0
2.3822 0.827645 0.827645 1 1 0
2.38031 0.826989 0.826989 1 1 0
2.37842 0.826334 0.826334 1 1 0
2.37653 0.825678 0.825678 1 1 0
2.37464 0.825022 0.825022 1 1 0
2.37275 0.824366 0.824366 1 1 0
2.37086 0.823711 0.823711 1 1 0
2.36897 0.823055 0.823055 1 1 0
2.36709 0.822399 0.822399 1 1 0
2.3652 0.821743 0.821743 1 1 0
2.36331 0.821087 0.821087 1 1 0
2.36142 0.820432 0.820432 1 1 0
2.35953 0.819776 0.819776 1 1 0
2.35764 0.81912 0.81912 1 1 0
2.35575 0.818464 0.818464 1 1 0
2.35386 0.817809 0.817809 1 1 0
2.35197 0.817153 0.817153 1 1 0
2.35008 0.816497 0.816497 1 1 0
2.34819 0.815841 0.815841 1 1 0
2.3463 0.815186 0.815186 1 1 0
2.34441 0.81453 0.81453 1 1 0
2.34252 0.813874 0.813874 1 1 0
2.34064 0.813219 0.813219 1 1 0
2.33875 0.812563 0.812563 1 1 0
2.33686 0.811907 0.811907 1 1 0
2.33497 0.811251 0.811251 1 1 0
2.33308 0.810596 0.810596 1 1 0
2.33119 0.80994 0.80994 1 1 0
2.3293 0.809284 0.809284 1 1 0
2.32741 0.808629 0.808629 1 1 0
2.32552 0.807973 0.807973 1 1 0
2.32363 0.807317 0.807317 1 1 0
2.32174 0.806662 0.806662 1 1 0
2.31985 0.806006 0.806006 1 1 0
2.31796 0.80535 0.80535 1 1 0
2.31607 0.804695 0.804695 1 1 0
2.31419 0.804039 0.804039 1 1 0
2.3123 0.803383 0.803383 1 1 0
2.31041 0.802728 0.802728 1 1 0
2.30852 0.802072 0.802072 1 1 0
2.30663 0.801417 0.801417 1 1 0
2.30474 0.800761 0.800761 1 1 0
2.30285 0.800105 0.800105 1 1 0
2.30096 0.79945 0.79945 1 1 0
2.29907 0.798794 0.798794 1 1 0
2.29718 0.798138 0.798138 1 1 0
2.29529 0.797483 0.797483 1 1 0
2.2934 0.796827 0.796827 1 1 0
2.29151 0.796172 0.796172 1 1 0
2.28962 0.795516 0.795516 1 1 0
2.28774 0.794861 0.794861 1 1 0
2.28585 0.794205 0.794205 1 1 0
2.28396 0.793549 0.793549 1 1 0
2.28207 0.792894 0.792894 1 1 0
2.28018 0.792238 0.792238 1 1 0
2.27829 0.791583 0.791583 1 1 0
2.2764 0.790927 0.790927 1 1 0
2.27451 0.790272 0.790272 1 1 0
2.27262 0.789616 0.789616 1 1 0
2.27073 0.788961 0.788961 1 1 0
2.26884 0.788305 0.788305 1 1 0
2.26695 0.78765 0.78765 1 1 0
2.26506 0.786994 0.786994 1 1 0
2.26317 0.786339 0.786339 1 1 0
2.26129 0.785683 0.785683 1 1 0
2.2594 0.785028 0.785028 1 1 0
2.25751 0.784372 0.784372 1 1 0
2.25562 0.783717 0.783717 1 1 0
2.25373 0.783061 0.783061 1 1 0
2.25184 0.782406 0.782406 1 1 0
2.24995 0.78175 0.78175 1 1 0
2.24806 0.781095 0.781095 1 1 0
2.24617 0.780439 0.780439 1 1 0
2.24428 0.779784 0.779784 1 1 0
2.24239 0.779129 0.779129 1 1 0
2.2405 0.778473 0.778473 1 1 0
2.23861 0.777818 0.777818 1 1 0
2.23673 0.777162 0.777162 1 1 0
2.23484 0.776507 0.776507 1 1 0
2.23295 0.775852 0.775852 1 1 0
2.23106 0.775196 0.775196 1 1 0
2.22917 0.774541 0.774541 1 1 0
2.22728 0.773885 0.773885 1 1 0
2.22539 0.77323 0.77323 1 1 0
2.2235 0.772575 0.772575 1 1 0
2.22161 0.771919 0.771919 1 1 0
2.21972 0.771264 0.771264 1 1 0
2.21783 0.770609 0.770609 1 1 0
2.21594 0.769953 0.769953 1 1 0
2.21406 0.769298 0.769298 1 1 0
2.21217 0.768643 0.768643 1 1 0
2.21028 0.767987 0.767987 1 1 0
2.20839 0.767332 0.767332 1 1 0
2.2065 0.766677 0.766677 1 1 0
2.20461 0.766022 0.766022 1 1 0
2.20272 0.765366 0.765366 1 1 0
2.20083 0.764711 0.764711 1 1 0
2.19894 0.764056 0.764056 1 1 0
2.19705 0.763401 0.763401 1 1 0
2.19516 0.762745 0.762745 1 1 0
2.19327 0.76209 0.76209 1 1 0
2.19139 0.761435 0.761435 1 1 0
2.1895 0.76078 0.76078 1 1 0
2.18761 0.760125 0.760125 1 1 0
2.18572 0.75947 0.75947 1 1 0
2.18383 0.758814 0.758814 1 1 0
2.18194 0.758159 0.758159 1 1 0
2.18005 0.757504 0.757504 1 1 0
2.17816 0.756849 0.756849 1 1 0
2.17627 0.756194 0.756194 1 1 0
2.17438 0.755539 0.755539 1 1 0
2.17249 0.754884 0.754884 1 1 0
2.17061 0.754228 0.754228 1 1 0
2.16872 0.753573 0.753573 1 1 0
2.16683 0.752918 0.752918 1 1 0
2.16494 0.752263 0.752263 1 1 0
2.16305 0.751608 0.751608 1 1 0
2.16116 0.750953 0.750953 1 1 0
2.15927 0.750298 0.750298 1 1 0
2.15738 0.749643 0.749643 1 1 0
2.15549 0.748988 0.748988 1 1 0
2.1536 0.748333 0.748333 1 1 0
2.15172 0.747678 0.747678 1 1 0
2.14983 0.747023 0.747023 1 1 0
2.14794 0.746368 0.746368 1 1 0
2.14605 0.745713 0.745713 1 1 0
2.14416 0.745058 0.745058 1 1 0
2.14227 0.744403 0.744403 1 1 0
2.14038 0.743748 0.743748 1 1 0
2.13849 0.743094 0.743094 1 1 0
2.1366 0.742439 0.742439 1 1 0
2.13471 0.741784 0.741784 1 1 0
2.13283 0.741129 0.741129 1 1 0
2.13094 0.740474 0.740474 1 1 0
2.12905 0.739819 0.739819 1 1 0
2.12716 0.739164 0.739164 1 1 0
2.12527 0.73851 0.73851 1 1 0
2.12338 0.737855 0.737855 1 1 0
2.12149 0.7372 0.7372 1 1 0
2.1196 0.736545 0.736545 1 1 0
2.11771 0.735891 0.735891 1 1 0
2.11583 0.735236 0.735236 1 1 0
2.11394 0.734581 0.734581 1 1 0
2.11205 0.733926 0.733926 1 1 0
2.11016 0.733272 0.733272 1 1 0
2.10827 0.732617 0.732617 1 1 0
2.10638 0.731962 0.731962 1 1 0
2.10449 0.731308 0.731308 1 1 0
2.1026 0.730653 0.730653 1 1 0
2.10072 0.729998 0.729998 1 1 0
2.09883 0.729344 0.729344 1 1 0
2.09694 0.728689 0.728689 1 1 0
2.09505 0.728035 0.728035 1 1 0
2.09316 0.72738 0.72738 1 1 0
2.09127 0.726726 0.726726 1 1 0
2.08938 0.726071 0.726071 1 1 0
2.08749 0.725417 0.725417 1 1 0
2.08561 0.724762 0.724762 1 1 0
2.08372 0.724108 0.724108 1 1 0
2.08183 0.723453 0.723453 1 1 0
2.07994 0.722799 0.722799 1 1 0
2.07805 0.722144 0.722144 1 1 0
2.07616 0.72149 0.72149 1 1 0
2.07427 0.720836 0.720836 1 1 0
2.07239 0.720181 0.720181 1 1 0
2.0705 0.719527 0.719527 1 1 0
2.06861 0.718873 0.718873 1 1 0
2.06672 0.718218 0.718218 1 1 0
2.06483 0.717564 0.717564 1 1 0
2.06294 0.71691 0.71691 1 1 0
2.06105 0.716256 0.716256 1 1 0
2.05917 0.715601 0.715601 1 1 0
2.05728 0.714947 0.714947 1 1 0
2.05539 0.714293 0.714293 1 1 0
2.0535 0.713639 0.713639 1 1 0
2.05161 0.712985 0.712985 1 1 0
2.04972 0.712331 0.712331 1 1 0
2.04784 0.711676 0.711676 1 1 0
2.04595 0.711022 0.711022 1 1 0
2.04406 0.710368 0.710368 1 1 0
2.04217 0.709714 0.709714 1 1 0
2.04028 0.70906 0.70906 1 1 0
2.03839 0.708406 0.708406 1 1 0
2.03651 0.707752 0.707752 1 1 0
2.03462 0.707099 0.707099 1 1 0
2.03273 0.706445 0.706445 1 1 0
2.03084 0.705791 0.705791 1 1 0
2.02895 0.705137 0.705137 1 1 0
2.02706 0.704483 0.704483 1 1 0
2.02518 0.703829 0.703829 1 1 0
2.02329 0.703175 0.703175 1 1 0
2.0214 0.702522 0.702522 1 1 0
2.01951 0.701868 0.701868 1 1 0
2.01762 0.701214 0.701214 1 1 0
2.01574 0.700561 0.700561 1 1 0
2.01385 0.699907 0.699907 1 1 0
2.01196 0.699253 0.699253 1 1 0
2.01007 0.6986 0.6986 1 1 0
2.00819 0.697946 0.697946 1 1 0
2.0063 0.697293 0.697293 1 1 0
2.00441 0.696639 0.696639 1 1 0
2.00252 0.695986 0.695986 1 1 0
2.00063 0.695332 0.695332 1 1 0
1.99875 0.694679 0.694679 1 1 0
1.99686 0.694026 0.694026 1 1 0
1.99497 0.693372 0.693372 1 1 0
1.99308 0.692719 0.692719 1 1 0
1.9912 0.692066 0.692066 1 1 0
1.98931 0.691412 0.691412 1 1 0
1.98742 0.690759 0.690759 1 1 0
1.98553 0.690106 0.690106 1 1 0
1.98365 0.689453 0.689453 1 1 0
1.98176 0.6888 0.6888 1 1 0
1.97987 0.688147 0.688147 1 1 0
1.97798 0.687494 0.687494 1 1 0
1.9761 0.686841 0.686841 1 1 0
1.97421 0.686188 0.686188 1 1 0
1.97232 0.685535 0.685535 1 1 0
1.97043 0.684882 0.684882 1 1 0
1.96855 0.684229 0.684229 1 1 0
1.96666 0.683576 0.683576 1 1 0
1.96477 0.682923 0.682923 1 1 0
1.96289 0.682271 0.682271 1 1 0
1.961 0.681618 0.681618 1 1 0
1.95911 0.680965 0.680965 1 1 0
1.95723 0.680313 0.680313 1 1 0
1.95534 0.67966 0.67966 1 1 0
1.95345 0.679008 0.679008 1 1 0
1.95157 0.678355 0.678355 1 1 0
1.94968 0.677703 0.677703 1 1 0
1.94779 0.67705 0.67705 1 1 0
1.94591 0.676398 0.676398 1 1 0
1.94402 0.675746 0.675746 1 1 0
1.94213 0.675093 0.675093 1 1 0
1.94025 0.674441 0.674441 1 1 0
1.93836 0.673789 0.673789 1 1 0
1.93647 0.673137 0.673137 1 1 0
1.93459 0.672485 0.672485 1 1 0
1.9327 0.671833 0.671833 1 1 0
1.93081 0.671181 0.671181 1 1 0
1.92893 0.670529 0.670529 1 1 0
1.92704 0.669877 0.669877 1 1 0
1.92516 0.669225 0.669225 1 1 0
1.92327 0.668573 0.668573 1 1 0
1.92138 0.667922 0.667922 1 1 0
1.9195 0.66727 0.66727 1 1 0
1.91761 0.666618 0.666618 1 1 0
1.91573 0.665967 0.665967 1 1 0
1.91384 0.665315 0.665315 1 1 0
1.91196 0.664664 0.664664 1 1 0
1.91007 0.664013 0.664013 1 1 0
1.90819 0.663361 0.663361 1 1 0
1.9063 0.66271 0.66271 1 1 0
1.90442 0.662059 0.662059 1 1 0
1.90253 0.661408 0.661408 1 1 0
1.90065 0.660757 0.660757 1 1 0
1.89876 0.660106 0.660106 1 1 0
1.89688 0.659455 0.659455 1 1 0
1.89499 0.658804 0.658804 1 1 0
1.89311 0.658153 0.658153 1 1 0
1.89122 0.657502 0.657502 1 1 0
1.88934 0.656852 0.656852 1 1 0
1.88745 0.656201 0.656201 1 1 0
1.88557 0.65555 0.65555 1 1 0
1.88368 0.6549 0.6549 1 1 0
1.8818 0.65425 0.65425 1 1 0
1.87992 0.653599 0.653599 1 1 0
1.87803 0.652949 0.652949 1 1 0
1.87615 0.652299 0.652299 1 1 0
1.87426 0.651649 0.651649 1 1 0
1.87238 0.650999 0.650999 1 1 0
1.8705 0.650349 0.650349 1 1 0
1.86861 0.649699 0.649699 1 1 0
1.86673 0.649049 0.649049 1 1 0
1.86485 0.6484 0.6484 1 1 0
1.86296 0.64775 0.64775 1 1 0
1.86108 0.6471 0.6471 1 1 0
1.8592 0.646451 0.646451 1 1 0
1.85731 0.645802 0.645802 1 1 0
1.85543 0.645152 0.645152 1 1 0
1.85355 0.644503 0.644503 1 1 0
1.85167 0.643854 0.643854 1 1 0
1.84978 0.643205 0.643205 1 1 0
1.8479 0.642556 0.642556 1 1 0
1.84602 0.641907 0.641907 1 1 0
1.84414 0.641259 0.641259 1 1 0
1.84226 0.64061 0.64061 1 1 0
1.84038 0.639962 0.639962 1 1 0
1.83849 0.639313 0.639313 1 1 0
1.83661 0.638665 0.638665 1 1 0
1.83473 0.638017 0.638017 1 1 0
1.83285 0.637369 0.637369 1 1 0
1.83097 0.636721 0.636721 1 1 0
1.82909 0.636073 0.636073 1 1 0
1.82721 0.635425 0.635425 1 1 0
1.82533 0.634778 0.634778 1 1 0
1.82345 0.63413 0.63413 1 1 0
1.82157 0.633483 0.633483 1 1 0
1.81969 0.632835 0.632835 1 1 0
1.81781 0.632188 0.632188 1 1 0
1.81593 0.631541 0.631541 1 1 0
1.81405 0.630894 0.630894 1 1 0
1.81217 0.630247 0.630247 1 1 0
1.81029 0.629601 0.629601 1 1 0
1.80841 0.628954 0.628954 1 1 0
1.80653 0.628308 0.628308 1 1 0
1.80465 0.627661 0.627661 1 1 0
1.80278 0.627015 0.627015 1 1 0
1.8009 0.626369 0.626369 1 1 0
1.79902 0.625723 0.625723 1 1 0
1.79714 0.625078 0.625078 1 1 0
1.79526 0.624432 0.624432 1 1 0
1.79339 0.623787 0.623787 1 1 0
1.79151 0.623141 0.623141 1 1 0
1.78963 0.622496 0.622496 1 1 0
1.78776 0.621851 0.621851 1 1 0
1.78588 0.621207 0.621207 1 1 0
1.784 0.620562 0.620562 1 1 0
1.78213 0.619917 0.619917 1 1 0
1.78025 0.619273 0.619273 1 1 0
1.77838 0.618629 0.618629 1 1 0
1.7765 0.617985 0.617985 1 1 0
1.77463 0.617341 0.617341 1 1 0
1.77275 0.616697 0.616697 1 1 0
1.77088 0.616054 0.616054 1 1 0
1.769 0.615411 0.615411 1 1 0
1.76713 0.614767 0.614767 1 1 0
1.76526 0.614124 0.614124 1 1 0
1.76338 0.613482 0.613482 1 1 0
1.76151 0.612839 0.612839 1 1 0
1.75964 0.612197 0.612197 1 1 0
1.75777 0.611555 0.611555 1 1 0
1.75589 0.610913 0.610913 1 1 0
1.75402 0.610271 0.610271 1 1 0
1.75215 0.609629 0.609629 1 1 0
1.75028 0.608988 0.608988 1 1 0
1.74841 0.608347 0.608347 1 1 0
1.74654 0.607706 0.607706 1 1 0
1.74467 0.607065 0.607065 1 1 0
1.7428 0.606425 0.606425 1 1 0
1.74093 0.605784 0.605784 1 1 0
1.73906 0.605144 0.605144 1 1 0
1.73719 0.604504 0.604504 1 1 0
1.73532 0.603865 0.603865 1 1 0
1.73345 0.603226 0.603226 1 1 0
1.73159 0.602586 0.602586 1 1 0
1.72972 0.601948 0.601948 1 1 0
1.72785 0.601309 0.601309 1 1 0
1.72599 0.600671 0.600671 1 1 0
1.72412 0.600033 0.600033 1 1 0
1.72225 0.599395 0.599395 1 1 0
1.72039 0.598757 0.598757 1 1 0
1.71852 0.59812 0.59812 1 1 0
1.71666 0.597483 0.597483 1 1 0
1.7148 0.596846 0.596846 1 1 0
1.71293 0.59621 0.59621 1 1 0
1.71107 0.595574 0.595574 1 1 0
1.70921 0.594938 0.594938 1 1 0
1.70734 0.594302 0.594302 1 1 0
1.70548 0.593667 0.593667 1 1 0
1.70362 0.593032 0.593032 1 1 0
1.70176 0.592397 0.592397 1 1 0
1.6999 0.591763 0.591763 1 1 0
1.69804 0.591129 0.591129 1 1 0
1.69618 0.590495 0.590495 1 1 0
1.69432 0.589862 0.589862 1 1 0
1.69246 0.589229 0.589229 1 1 0
1.69061 0.588596 0.588596 1 1 0
1.68875 0.587964 0.587964 1 1 0
1.68689 0.587332 0.587332 1 1 0
1.68504 0.5867 0.5867 1 1 0
1.68318 0.586069 0.586069 1 1 0
1.68133 0.585438 0.585438 1 1 0
1.67947 0.584808 0.584808 1 1 0
1.67762 0.584178 0.584178 1 1 0
1.67576 0.583548 0.583548 1 1 0
1.67391 0.582918 0.582918 1 1 0
1.67206 0.582289 0.582289 1 1 0
1.67021 0.581661 0.581661 1 1 0
1.66836 0.581033 0.581033 1 1 0
1.66651 0.580405 0.580405 1 1 0
1.66466 0.579778 0.579778 1 1 0
1.66281 0.579151 0.579151 1 1 0
1.66096 0.578524 0.578524 1 1 0
1.65911 0.577898 0.577898 1 1 0
1.65727 0.577273 0.577273 1 1 0
1.65542 0.576648 0.576648 1 1 0
1.65357 0.576023 0.576023 1 1 0
1.65173 0.575399 0.575399 1 1 0
1.64989 0.574775 0.574775 1 1 0
1.64804 0.574152 0.574152 1 1 0
1.6462 0.573529 0.573529 1 1 0
1.64436 0.572907 0.572907 1 1 0
1.64252 0.572285 0.572285 1 1 0
1.64068 0.571664 0.571664 1 1 0
1.63884 0.571043 0.571043 1 1 0
1.637 0.570423 0.570423 1 1 0
1.63516 0.569804 0.569804 1 1 0
1.63332 0.569184 0.569184 1 1 0
1.63149 0.568566 0.568566 1 1 0
1.62965 0.567948 0.567948 1 1 0
1.62782 0.567331 0.567331 1 1 0
1.62599 0.566714 0.566714 1 1 0
1.62415 0.566097 0.566097 1 1 0
1.62232 0.565482 0.565482 1 1 0
1.62049 0.564867 0.564867 1 1 0
1.61866 0.564252 0.564252 1 1 0
1.61683 0.563638 0.563638 1 1 0
1.615 0.563025 0.563025 1 1 0
1.61318 0.562413 0.562413 1 1 0
1.61135 0.561801 0.561801 1 1 0
1.60952 0.561189 0.561189 1 1 0
1.6077 0.560579 0.560579 1 1 0
1.60588 0.559969 0.559969 1 1 0
1.60405 0.55936 0.55936 1 1 0
1.60223 0.558751 0.558751 1 1 0
1.60041 0.558143 0.558143 1 1 0
1.59859 0.557536 0.557536 1 1 0
1.59678 0.55693 0.55693 1 1 0
1.59496 0.556324 0.556324 1 1 0
1.59314 0.555719 0.555719 1 1 0
1.59133 0.555115 0.555115 1 1 0
1.58951 0.554511 0.554511 1 1 0
1.5877 0.553909 0.553909 1 1 0
1.58589 0.553307 0.553307 1 1 0
1.58408 0.552706 0.552706 1 1 0
1.58227 0.552106 0.552106 1 1 0
1.58046 0.551506 0.551506 1 1 0
1.57865 0.550908 0.550908 1 1 0
1.57685 0.55031 0.55031 1 1 0
1.57504 0.549713 0.549713 1 1 0
1.57324 0.549117 0.549117 1 1 0
1.57143 0.548522 0.548522 1 1 0
1.56963 0.547927 0.547927 1 1 0
1.56783 0.547334 0.547334 1 1 0
1.56603 0.546741 0.546741 1 1 0
1.56424 0.54615 0.54615 1 1 0
1.56244 0.545559 0.545559 1 1 0
1.56064 0.544969 0.544969 1 1 0
1.55885 0.544381 0.544381 1 1 0
1.55706 0.543793 0.543793 1 1 0
1.55527 0.543206 0.543206 1 1 0
1.55348 0.54262 0.54262 1 1 0
1.55169 0.542036 0.542036 1 1 0
1.5499 0.541452 0.541452 1 1 0
1.54811 0.540869 0.540869 1 1 0
1.54633 0.540288 0.540288 1 1 0
1.54455 0.539707 0.539707 1 1 0
1.54276 0.539127 0.539127 1 1 0
1.54098 0.538549 0.538549 1 1 0
1.5392 0.537972 0.537972 1 1 0
1.53742 0.537396 0.537396 1 1 0
1.53565 0.536821 0.536821 1 1 0
1.53387 0.536247 0.536247 1 1 0
1.5321 0.535674 0.535674 1 1 0
1.53033 0.535102 0.535102 1 1 0
1.52855 0.534532 0.534532 1 1 0
1.52678 0.533963 0.533963 1 1 0
1.52502 0.533395 0.533395 1 1 0
1.52325 0.532828 0.532828 1 1 0
1.52148 0.532263 0.532263 1 1 0
1.51972 0.531698 0.531698 1 1 0
1.51796 0.531135 0.531135 1 1 0
1.5162 0.530574 0.530574 1 1 0
1.51444 0.530014 0.530014 1 1 0
1.51268 0.529455 0.529455 1 1 0
1.51092 0.528897 0.528897 1 1 0
1.50916 0.528341 0.528341 1 1 0
1.50741 0.527786 0.527786 1 1 0
1.50566 0.527232 0.527232 1 1 0
1.50391 0.52668 0.52668 1 1 0
1.50216 0.52613 0.52613 1 1 0
1.50041 0.52558 0.52558 1 1 0
1.49866 0.525033 0.525033 1 1 0
1.49692 0.524486 0.524486 1 1 0
1.49517 0.523941 0.523941 1 1 0
1.49343 0.523398 0.523398 1 1 0
1.49169 0.522856 0.522856 1 1 0
1.48995 0.522316 0.522316 1 1 0
1.48821 0.521778 0.521778 1 1 0
1.48647 0.52124 0.52124 1 1 0
1.48474 0.520705 0.520705 1 1 0
1.483 0.520171 0.520171 1 1 0
1.48127 0.519639 0.519639 1 1 0
1.47954 0.519108 0.519108 1 1 0
1.47781 0.518579 0.518579 1 1 0
1.47608 0.518052 0.518052 1 1 0
1.47435 0.517527 0.517527 1 1 0
1.47263 0.517003 0.517003 1 1 0
1.4709 0.516481 0.516481 1 1 0
1.46918 0.515961 0.515961 1 1 0
1.46746 0.515442 0.515442 1 1 0
1.46574 0.514925 0.514925 1 1 0
1.46402 0.514411 0.514411 1 1 0
1.4623 0.513898 0.513898 1 1 0
1.46058 0.513386 0.513386 1 1 0
1.45887 0.512877 0.512877 1 1 0
1.45716 0.51237 0.51237 1 1 0
1.45544 0.511864 0.511864 1 1 0
1.45373 0.511361 0.511361 1 1 0
1.45202 0.510859 0.510859 1 1 0
1.45031 0.510359 0.510359 1 1 0
1.44861 0.509862 0.509862 1 1 0
1.4469 0.509366 0.509366 1 1 0
1.44519 0.508873 0.508873 1 1 0
1.44349 0.508381 0.508381 1 1 0
1.44179 0.507892 0.507892 1 1 0
1.44008 0.507404 0.507404 1 1 0
1.43838 0.506919 0.506919 1 1 0
1.43668 0.506436 0.506436 1 1 0
1.43498 0.505955 0.505955 1 1 0
1.43329 0.505476 0.505476 1 1 0
1.43159 0.505 0.505 1 1 0
1.42989 0.504525 0.504525 1 1 0
1.4282 0.504053 0.504053 1 1 0
1.42651 0.503583 0.503583 1 1 0
1.42481 0.503116 0.503116 1 1 0
1.42312 0.50265 0.50265 1 1 0
1.42143 0.502187 0.502187 1 1 0
1.41974 0.501726 0.501726 1 1 0
1.41805 0.501268 0.501268 1 1 0
1.41636 0.500812 0.500812 1 1 0
1.41467 0.500359 0.500359 1 1 0
1.41298 0.499907 0.499907 1 1 0
1.4113 0.499459 0.499459 1 1 0
1.40961 0.499012 0.499012 1 1 0
1.40792 0.498568 0.498568 1 1 0
1.40624 0.498127 0.498127 1 1 0
1.40455 0.497688 0.497688 1 1 0
1.40287 0.497252 0.497252 1 1 0
1.40119 0.496818 0.496818 1 1 0
1.3995 0.496386 0.496386 1 1 0
1.39782 0.495958 0.495958 1 1 0
1.39614 0.495531 0.495531 1 1 0
1.39446 0.495108 0.495108 1 1 0
1.39278 0.494687 0.494687 1 1 0
1.39109 0.494268 0.494268 1 1 0
1.38941 0.493853 0.493853 1 1 0
1.38773 0.49344 0.49344 1 1 0
1.38605 0.493029 0.493029 1 1 0
1.38437 0.492621 0.492621 1 1 0
1.38269 0.492216 0.492216 1 1 0
1.38101 0.491814 0.491814 1 1 0
1.37933 0.491414 0.491414 1 1 0
1.37765 0.491018 0.491018 1 1 0
1.37597 0.490623 0.490623 1 1 0
1.37429 0.490232 0.490232 1 1 0
1.3726 0.489843 0.489843 1 1 0
1.37092 0.489457 0.489457 1 1 0
1.36924 0.489074 0.489074 1 1 0
1.36756 0.488694 0.488694 1 1 0
1.36588 0.488316 0.488316 1 1 0
1.3642 0.487942 0.487942 1 1 0
1.36251 0.48757 0.48757 1 1 0
1.36083 0.487201 0.487201 1 1 0
1.35914 0.486834 0.486834 1 1 0
1.35746 0.486471 0.486471 1 1 0
1.35578 0.48611 0.48611 1 1 0
1.35409 0.485752 0.485752 1 1 0
1.3524 0.485398 0.485398 1 1 0
1.35072 0.485045 0.485045 1 1 0
1.34903 0.484696 0.484696 1 1 0
1.34734 0.48435 0.48435 1 1 0
1.34565 0.484006 0.484006 1 1 0
1.34396 0.483665 0.483665 1 1 0
1.34227 0.483327 0.483327 1 1 0
1.34058 0.482992 0.482992 1 1 0
1.33889 0.48266 0.48266 1 1 0
1.33719 0.48233 0.48233 1 1 0
1.3355 0.482003 0.482003 1 1 0
1.3338 0.48168 0.48168 1 1 0
1.33211 0.481359 0.481359 1 1 0
1.33041 0.48104 0.48104 1 1 0
1.32871 0.480725 0.480725 1 1 0
1.32701 0.480412 0.480412 1 1 0
1.32531 0.480102 0.480102 1 1 0
1.3236 0.479795 0.479795 1 1 0
1.3219 0.479491 0.479491 1 1 0
1.32019 0.479189 0.479189 1 1 0
1.31849 0.478891 0.478891 1 1 0
1.31678 0.478595 0.478595 1 1 0
1.31507 0.478301 0.478301 1 1 0
1.31336 0.478011 0.478011 1 1 0
1.31165 0.477723 0.477723 1 1 0
1.30993 0.477437 0.477437 1 1 0
1.30822 0.477155 0.477155 1 1 0
1.3065 0.476875 0.476875 1 1 0
1.30478 0.476598 0.476598 1 1 0
1.30306 0.476323 0.476323 1 1 0
1.30134 0.476051 0.476051 1 1 0
1.29961 0.475781 0.475781 1 1 0
1.29789 0.475515 0.475515 1 1 0
1.29616 0.47525 0.47525 1 1 0
1.29443 0.474989 0.474989 1 1 0
1.2927 0.474729 0.474729 1 1 0
1.29097 0.474473 0.474473 1 1 0
1.28924 0.474219 0.474219 1 1 0
1.2875 0.473967 0.473967 1 1 0
1.28576 0.473718 0.473718 1 1 0
1.28402 0.473471 0.473471 1 1 0
1.28228 0.473227 0.473227 1 1 0
1.28054 0.472985 0.472985 1 1 0
1.27879 0.472745 0.472745 1 1 0
1.27705 0.472508 0.472508 1 1 0
1.2753 0.472273 0.472273 1 1 0
1.27355 0.47204 0.47204 1 1 0
1.2718 0.47181 0.47181 1 1 0
1.27004 0.471582 0.471582 1 1 0
1.26828 0.471357 0.471357 1 1 0
1.26653 0.471133 0.471133 1 1 0
1.26477 0.470912 0.470912 1 1 0
1.26301 0.470693 0.470693 1 1 0
1.26124 0.470476 0.470476 1 1 0
1.25948 0.470261 0.470261 1 1 0
1.25771 0.470049 0.470049 1 1 0
1.25594 0.469838 0.469838 1 1 0
1.25417 0.46963 0.46963 1 1 0
1.25239 0.469424 0.469424 1 1 0
1.25062 0.46922 0.46922 1 1 0
1.24884 0.469017 0.469017 1 1 0
1.24706 0.468817 0.468817 1 1 0
1.24528 0.468619 0.468619 1 1 0
1.2435 0.468423 0.468423 1 1 0
1.24171 0.468229 0.468229 1 1 0
1.23993 0.468036 0.468036 1 1 0
1.23814 0.467846 0.467846 1 1 0
1.23635 0.467657 0.467657 1 1 0
1.23456 0.46747 0.46747 1 1 0
1.23276 0.467286 0.467286 1 1 0
1.23097 0.467103 0.467103 1 1 0
1.22917 0.466921 0.466921 1 1 0
1.22737 0.466742 0.466742 1 1 0
1.22557 0.466564 0.466564 1 1 0
1.22377 0.466388 0.466388 1 1 0
1.22196 0.466214 0.466214 1 1 0
1.22015 0.466041 0.466041 1 1 0
1.21835 0.46587 0.46587 1 1 0
1.21654 0.465701 0.465701 1 1 0
1.21472 0.465534 0.465534 1 1 0
1.21291 0.465368 0.465368 1 1 0
1.21109 0.465203 0.465203 1 1 0
1.20928 0.46504 0.46504 1 1 0
1.20746 0.464879 0.464879 1 1 0
1.20564 0.464719 0.464719 1 1 0
1.20381 0.464561 0.464561 1 1 0
1.20199 0.464404 0.464404 1 1 0
1.20016 0.464249 0.464249 1 1 0
1.19834 0.464096 0.464096 1 1 0
1.19651 0.463943 0.463943 1 1 0
1.19468 0.463792 0.463792 1 1 0
1.19285 0.463643 0.463643 1 1 0
1.19101 0.463495 0.463495 1 1 0
1.18918 0.463348 0.463348 1 1 0
1.18734 0.463203 0.463203 1 1 0
1.1855 0.463059 0.463059 1 1 0
1.18366 0.462916 0.462916 1 1 0
1.18182 0.462775 0.462775 1 1 0
1.17998 0.462635 0.462635 1 1 0
1.17813 0.462496 0.462496 1 1 0
1.17629 0.462358 0.462358 1 1 0
1.17444 0.462222 0.462222 1 1 0
1.17259 0.462087 0.462087 1 1 0
1.17074 0.461953 0.461953 1 1 0
1.16889 0.46182 0.46182 1 1 0
1.16703 0.461689 0.461689 1 1 0
1.16518 0.461558 0.461558 1 1 0
1.16332 0.461429 0.461429 1 1 0
1.16147 0.461301 0.461301 1 1 0
1.15961 0.461174 0.461174 1 1 0
1.15775 0.461048 0.461048 1 1 0
1.15589 0.460924 0.460924 1 1 0
1.15402 0.4608 0.4608 1 1 0
1.15216 0.460677 0.460677 1 1 0
1.15216 0.460677 0.460677 2 1 0
1.15029 0.460556 0.460556 1 1 0
1.14843 0.460435 0.460435 1 1 0
1.14656 0.460316 0.460316 1 1 0
1.14469 0.460197 0.460197 1 1 0
1.14282 0.46008 0.46008 1 1 0
1.14095 0.459963 0.459963 1 1 0
1.13908 0.459848 0.459848 1 1 0
1.1372 0.459733 0.459733 1 1 0
1.13533 0.459619 0.459619 1 1 0
1.13345 0.459507 0.459507 1 1 0
1.13157 0.459395 0.459395 1 1 0
1.1297 0.459284 0.459284 1 1 0
1.12782 0.459174 0.459174 1 1 0
1.12594 0.459065 0.459065 1 1 0
1.12406 0.458957 0.458957 1 1 0
1.12217 0.458849 0.458849 1 1 0
1.12029 0.458743 0.458743 1 1 0
1.1184 0.458637 0.458637 1 1 0
1.11652 0.458532 0.458532 1 1 0
1.11463 0.458428 0.458428 1 1 0
1.11274 0.458325 0.458325 1 1 0
1.11086 0.458223 0.458223 1 1 0
1.10897 0.458121 0.458121 1 1 0
1.10707 0.45802 0.45802 1 1 0
1.10518 0.45792 0.45792 1 1 0
1.10329 0.457821 0.457821 1 1 0
1.1014 0.457723 0.457723 1 1 0
1.0995 0.457625 0.457625 1 1 0
1.09761 0.457528 0.457528 1 1 0
1.09571 0.457431 0.457431 1 1 0
1.09381 0.457336 0.457336 1 1 0
1.09192 0.457241 0.457241 1 1 0
1.09002 0.457147 0.457147 1 1 0
1.08812 0.457053 0.457053 1 1 0
1.08622 0.45696 0.45696 1 1 0
1.08431 0.456868 0.456868 1 1 0
1.08241 0.456776 0.456776 1 1 0
1.08051 0.456686 0.456686 1 1 0
1.07861 0.456595 0.456595 1 1 0
1.0767 0.456506 0.456506 1 1 0
1.07607 0.456476 0.456476 2 1 0
1.07416 0.456387 0.456387 2 1 0
1.07226 0.456299 0.456299 2 1 0
1.07035 0.456212 0.456212 2 1 0
1.06844 0.456125 0.456125 2 1 0
1.06653 0.456039 0.456039 2 1 0
1.06462 0.455953 0.455953 2 1 0
1.06271 0.455868 0.455868 2 1 0
1.0608 0.455783 0.455783 2 1 0
1.05889 0.455699 0.455699 2 1 0
1.05698 0.455616 0.455616 2 1 0
1.05507 0.455533 0.455533 2 1 0
1.05315 0.45545 0.45545 2 1 0
1.05124 0.455369 0.455369 2 1 0
1.04932 0.455287 0.455287 2 1 0
1.04741 0.455207 0.455207 2 1 0
1.04549 0.455126 0.455126 2 1 0
1.04357 0.455047 0.455047 2 1 0
1.04166 0.454968 0.454968 2 1 0
1.03974 0.454889 0.454889 2 1 0
1.03782 0.454811 0.454811 2 1 0
1.0359 0.454733 0.454733 2 1 0
1.03398 0.454656 0.454656 2 1 0
1.03206 0.454579 0.454579 2 1 0
1.03014 0.454503 0.454503 2 1 0
1.02822 0.454427 0.454427 2 1 0
1.02629 0.454352 0.454352 2 1 0
1.02437 0.454277 0.454277 2 1 0
1.02245 0.454203 0.454203 2 1 0
1.02052 0.454129 0.454129 2 1 0
1.0186 0.454055 0.454055 2 1 0
1.01667 0.453982 0.453982 2 1 0
1.01475 0.453909 0.453909 2 1 0
1.01282 0.453837 0.453837 2 1 0
1.01089 0.453765 0.453765 2 1 0
1.00897 0.453694 0.453694 2 1 0
1.00704 0.453623 0.453623 2 1 0
1.00511 0.453553 0.453553 2 1 0
1.00318 0.453482 0.453482 2 1 0
1.00125 0.453413 0.453413 2 1 0
0.999323 0.453343 0.453343 2 1 0
0.997393 0.453274 0.453274 2 1 0
0.995462 0.453206 0.453206 2 1 0
0.993531 0.453138 0.453138 2 1 0
0.991599 0.45307 0.45307 2 1 0
0.989667 0.453002 0.453002 2 1 0
0.987735 0.452935 0.452935 2 1 0
0.985802 0.452869 0.452869 2 1 0
0.983869 0.452802 0.452802 2 1 0
0.981935 0.452736 0.452736 2 1 0
0.98 0.452671 0.452671 2 1 0
0.978066 0.452605 0.452605 2 1 0
0.976131 0.45254 0.45254 2 1 0
0.974195 0.452476 0.452476 2 1 0
0.972259 0.452412 0.452412 2 1 0
0.970323 0.452348 0.452348 2 1 0
0.968387 0.452284 0.452284 2 1 0
0.966449 0.452221 0.452221 2 1 0
0.964512 0.452158 0.452158 2 1 0
0.962574 0.452095 0.452095 2 1 0
0.960636 0.452033 0.452033 2 1 0
0.958697 0.451971 0.451971 2 1 0
0.956758 0.451909 0.451909 2 1 0
0.954819 0.451848 0.451848 2 1 0
0.952879 0.451787 0.451787 2 1 0
0.950939 0.451726 0.451726 2 1 0
0.948999 0.451666 0.451666 2 1 0
0.947058 0.451605 0.451605 2 1 0
0.945117 0.451545 0.451545 2 1 0
0.943176 0.451486 0.451486 2 1 0
0.941234 0.451427 0.451427 2 1 0
0.939292 0.451367 0.451367 2 1 0
0.93735 0.451309 0.451309 2 1 0
0.935407 0.45125 0.45125 2 1 0
0.933464 0.451192 0.451192 2 1 0
0.931521 0.451134 0.451134 2 1 0
0.929577 0.451076 0.451076 2 1 0
0.927633 0.451019 0.451019 2 1 0
0.925689 0.450962 0.450962 2 1 0
0.923744 0.450905 0.450905 2 1 0
0.921799 0.450848 0.450848 2 1 0
0.919854 0.450792 0.450792 2 1 0
0.917909 0.450736 0.450736 2 1 0
0.915963 0.45068 0.45068 2 1 0
0.914017 0.450624 0.450624 2 1 0
0.912071 0.450569 0.450569 2 1 0
0.910124 0.450514 0.450514 2 1 0
0.908178 0.450459 0.450459 2 1 0
0.90623 0.450404 0.450404 2 1 0
0.904283 0.45035 0.45035 2 1 0
0.902335 0.450295 0.450295 2 1 0
0.900388 0.450241 0.450241 2 1 0
0.898439 0.450188 0.450188 2 1 0
0.896491 0.450134 0.450134 2 1 0
0.894542 0.450081 0.450081 2 1 0
0.892593 0.450028 0.450028 2 1 0
0.890644 0.449975 0.449975 2 1 0
0.888695 0.449922 0.449922 2 1 0
0.886745 0.449869 0.449869 2 1 0
0.884796 0.449817 0.449817 2 1 0
0.882845 0.449765 0.449765 2 1 0
0.880895 0.449713 0.449713 2 1 0
0.878945 0.449662 0.449662 2 1 0
0.876994 0.44961 0.44961 2 1 0
0.875043 0.449559 0.449559 2 1 0
0.873092 0.449508 0.449508 2 1 0
0.87114 0.449457 0.449457 2 1 0
0.869189 0.449406 0.449406 2 1 0
0.867237 0.449356 0.449356 2 1 0
0.865285 0.449306 0.449306 2 1 0
0.863332 0.449256 0.449256 2 1 0
0.86138 0.449206 0.449206 2 1 0
0.859427 0.449156 0.449156 2 1 0
0.857474 0.449106 0.449106 2 1 0
0.855521 0.449057 0.449057 2 1 0
0.853568 0.449008 0.449008 2 1 0
0.851615 0.448959 0.448959 2 1 0
0.849661 0.44891 0.44891 2 1 0
0.847707 0.448861 0.448861 2 1 0
0.845753 0.448813 0.448813 2 1 0
0.843799 0.448765 0.448765 2 1 0
0.841844 0.448717 0.448717 2 1 0
0.83989 0.448669 0.448669 2 1 0
0.837935 0.448621 0.448621 2 1 0
0.83598 0.448573 0.448573 2 1 0
0.834025 0.448526 0.448526 2 1 0
0.83207 0.448478 0.448478 2 1 0
0.830115 0.448431 0.448431 2 1 0
0.828159 0.448384 0.448384 2 1 0
0.826203 0.448337 0.448337 2 1 0
0.824247 0.448291 0.448291 2 1 0
0.822291 0.448244 0.448244 2 1 0
0.820335 0.448198 0.448198 2 1 0
0.818379 0.448151 0.448151 2 1 0
0.816422 0.448105 0.448105 2 1 0
0.814465 0.448059 0.448059 2 1 0
0.812508 0.448014 0.448014 2 1 0
0.810551 0.447968 0.447968 2 1 0
0.808594 0.447922 0.447922 2 1 0
0.806637 0.447877 0.447877 2 1 0
0.80468 0.447832 0.447832 2 1 0
0.802722 0.447787 0.447787 2 1 0
0.800764 0.447742 0.447742 2 1 0
0.798806 0.447697 0.447697 2 1 0
0.796848 0.447652 0.447652 2 1 0
0.79489 0.447608 0.447608 2 1 0
0.792932 0.447563 0.447563 2 1 0
0.790974 0.447519 0.447519 2 1 0
0.789015 0.447475 0.447475 2 1 0
0.787057 0.447431 0.447431 2 1 0
0.785098 0.447387 0.447387 2 1 0
0.783139 0.447343 0.447343 2 1 0
0.78118 0.447299 0.447299 2 1 0
0.779221 0.447256 0.447256 2 1 0
0.777262 0.447212 0.447212 2 1 0
0.775302 0.447169 0.447169 2 1 0
0.773343 0.447126 0.447126 2 1 0
0.771383 0.447083 0.447083 2 1 0
0.769423 0.44704 0.44704 2 1 0
0.767464 0.446997 0.446997 2 1 0
0.765504 0.446954 0.446954 2 1 0
0.763544 0.446911 0.446911 2 1 0
0.761584 0.446869 0.446869 2 1 0
0.759623 0.446826 0.446826 2 1 0
0.757663 0.446784 0.446784 2 1 0
0.755702 0.446742 0.446742 2 1 0
0.753742 0.4467 0.4467 2 1 0
0.751781 0.446658 0.446658 2 1 0
0.749821 0.446616 0.446616 2 1 0
0.74786 0.446574 0.446574 2 1 0
0.745899 0.446533 0.446533 2 1 0
0.743938 0.446491 0.446491 2 1 0
0.741977 0.44645 0.44645 2 1 0
0.740015 0.446408 0.446408 2 1 0
0.738054 0.446367 0.446367 2 1 0
0.736093 0.446326 0.446326 2 1 0
0.734131 0.446285 0.446285 2 1 0
0.73217 0.446244 0.446244 2 1 0
0.730208 0.446203 0.446203 2 1 0
0.728246 0.446162 0.446162 2 1 0
0.726284 0.446121 0.446121 2 1 0
0.724323 0.446081 0.446081 2 1 0
0.722361 0.44604 0.44604 2 1 0
0.720399 0.446 0.446 2 1 0
0.718436 0.44596 0.44596 2 1 0
0.716474 0.445919 0.445919 2 1 0
0.714512 0.445879 0.445879 2 1 0
0.71255 0.445839 0.445839 2 1 0
0.710587 0.445799 0.445799 2 1 0
0.708625 0.445759 0.445759 2 1 0
0.706662 0.445719 0.445719 2 1 0
0.7047 0.44568 0.44568 2 1 0
0.702737 0.44564 0.44564 2 1 0
0.700774 0.4456 0.4456 2 1 0
0.698811 0.445561 0.445561 2 1 0
0.696849 0.445522 0.445522 2 1 0
0.694886 0.445482 0.445482 2 1 0
0.692923 0.445443 0.445443 2 1 0
0.69096 0.445404 0.445404 2 1 0
0.688997 0.445365 0.445365 2 1 0
0.687033 0.445326 0.445326 2 1 0
0.68507 0.445287 0.445287 2 1 0
0.683107 0.445248 0.445248 2 1 0
0.681144 0.445209 0.445209 2 1 0
0.67918 0.44517 0.44517 2 1 0
0.677217 0.445131 0.445131 2 1 0
0.675253 0.445093 0.445093 2 1 0
0.67329 0.445054 0.445054 2 1 0
0.671326 0.445016 0.445016 2 1 0
0.669363 0.444977 0.444977 2 1 0
0.667399 0.444939 0.444939 2 1 0
0.665435 0.444901 0.444901 2 1 0
0.663472 0.444863 0.444863 2 1 0
0.661508 0.444824 0.444824 2 1 0
0.659544 0.444786 0.444786 2 1 0
0.65758 0.444748 0.444748 2 1 0
0.655616 0.44471 0.44471 2 1 0
0.653652 0.444672 0.444672 2 1 0
0.651688 0.444635 0.444635 2 1 0
0.649724 0.444597 0.444597 2 1 0
0.64776 0.444559 0.444559 2 1 0
0.645796 0.444521 0.444521 2 1 0
0.643832 0.444484 0.444484 2 1 0
0.641868 0.444446 0.444446 2 1 0
0.639904 0.444409 0.444409 2 1 0
0.63794 0.444371 0.444371 2 1 0
0.635976 0.444334 0.444334 2 1 0
0.634011 0.444296 0.444296 2 1 0
0.632047 0.444259 0.444259 2 1 0
0.630083 0.444222 0.444222 2 1 0
0.628119 0.444185 0.444185 2 1 0
0.626154 0.444147 0.444147 2 1 0
0.62419 0.44411 0.44411 2 1 0
0.622226 0.444073 0.444073 2 1 0
0.620261 0.444036 0.444036 2 1 0
0.618297 0.443999 0.443999 2 1 0
0.616332 0.443962 0.443962 2 1 0
0.614368 0.443926 0.443926 2 1 0
0.612404 0.443889 0.443889 2 1 0
0.610439 0.443852 0.443852 2 1 0
0.608475 0.443815 0.443815 2 1 0
0.60651 0.443778 0.443778 2 1 0
0.604546 0.443742 0.443742 2 1 0
0.602581 0.443705 0.443705 2 1 0
0.600617 0.443669 0.443669 2 1 0
0.598652 0.443632 0.443632 2 1 0
0.596688 0.443596 0.443596 2 1 0
0.594723 0.443559 0.443559 2 1 0
0.592759 0.443523 0.443523 2 1 0
0.590794 0.443486 0.443486 2 1 0
0.58883 0.44345 0.44345 2 1 0
0.586866 0.443414 0.443414 2 1 0
0.584901 0.443377 0.443377 2 1 0
0.582937 0.443341 0.443341 2 1 0
0.580972 0.443305 0.443305 2 1 0
0.579008 0.443269 0.443269 2 1 0
0.577043 0.443233 0.443233 2 1 0
0.575079 0.443196 0.443196 2 1 0
0.573114 0.44316 0.44316 2 1 0
0.57115 0.443124 0.443124 2 1 0
0.569186 0.443088 0.443088 2 1 0
0.567221 0.443052 0.443052 2 1 0
0.565257 0.443016 0.443016 2 1 0
0.563292 0.44298 0.44298 2 1 0
0.561328 0.442944 0.442944 2 1 0
0.559364 0.442908 0.442908 2 1 0
0.557399 0.442873 0.442873 2 1 0
0.555435 0.442837 0.442837 2 1 0
0.553471 0.442801 0.442801 2 1 0
0.551507 0.442765 0.442765 2 1 0
0.549542 0.442729 0.442729 2 1 0
0.547578 0.442694 0.442694 2 1 0
0.545614 0.442658 0.442658 2 1 0
0.54365 0.442622 0.442622 2 1 0
0.541686 0.442586 0.442586 2 1 0
0.539722 0.442551 0.442551 2 1 0
0.537758 0.442515 0.442515 2 1 0
0.535794 0.442479 0.442479 2 1 0
0.53383 0.442444 0.442444 2 1 0
0.531866 0.442408 0.442408 2 1 0
0.529902 0.442373 0.442373 2 1 0
0.527938 0.442337 0.442337 2 1 0
0.525974 0.442301 0.442301 2 1 0
0.52401 0.442266 0.442266 2 1 0
0.522047 0.44223 0.44223 2 1 0
0.520083 0.442195 0.442195 2 1 0
0.518119 0.442159 0.442159 2 1 0
0.516156 0.442124 0.442124 2 1 0
0.514192 0.442088 0.442088 2 1 0
0.512229 0.442053 0.442053 2 1 0
0.510265 0.442017 0.442017 2 1 0
0.508302 0.441982 0.441982 2 1 0
0.506338 0.441946 0.441946 2 1 0
0.504375 0.441911 0.441911 2 1 0
0.502412 0.441875 0.441875 2 1 0
0.500449 0.44184 0.44184 2 1 0
0.498486 0.441804 0.441804 2 1 0
0.496523 0.441769 0.441769 2 1 0
0.49456 0.441733 0.441733 2 1 0
0.492597 0.441698 0.441698 2 1 0
0.490634 0.441663 0.441663 2 1 0
0.488671 0.441627 0.441627 2 1 0
0.486708 0.441592 0.441592 2 1 0
0.484746 0.441556 0.441556 2 1 0
0.482783 0.441521 0.441521 2 1 0
0.48082 0.441485 0.441485 2 1 0
0.478858 0.44145 0.44145 2 1 0
0.476896 0.441414 0.441414 2 1 0
0.474933 0.441379 0.441379 2 1 0
0.472971 0.441344 0.441344 2 1 0
0.471009 0.441308 0.441308 2 1 0
0.469047 0.441273 0.441273 2 1 0
0.467085 0.441237 0.441237 2 1 0
0.465123 0.441202 0.441202 2 1 0
0.463161 0.441166 0.441166 2 1 0
0.461199 0.441131 0.441131 2 1 0
0.459238 0.441095 0.441095 2 1 0
0.457276 0.441059 0.441059 2 1 0
0.455315 0.441024 0.441024 2 1 0
0.453354 0.440988 0.440988 2 1 0
0.451392 0.440953 0.440953 2 1 0
0.449431 0.440917 0.440917 2 1 0
0.44747 0.440882 0.440882 2 1 0
0.445509 0.440846 0.440846 2 1 0
0.443548 0.44081 0.44081 2 1 0
0.441588 0.440775 0.440775 2 1 0
0.439627 0.440739 0.440739 2 1 0
0.437667 0.440703 0.440703 2 1 0
0.435706 0.440668 0.440668 2 1 0
0.433746 0.440632 0.440632 2 1 0
0.431786 0.440596 0.440596 2 1 0
0.429826 0.44056 0.44056 2 1 0
0.427866 0.440525 0.440525 2 1 0
0.425906 0.440489 0.440489 2 1 0
0.423946 0.440453 0.440453 2 1 0
0.421987 0.440417 0.440417 2 1 0
0.420027 0.440381 0.440381 2 1 0
0.418068 0.440345 0.440345 2 1 0
0.416109 0.440309 0.440309 2 1 0
0.41415 0.440273 0.440273 2 1 0
0.412191 0.440237 0.440237 2 1 0
0.410232 0.440201 0.440201 2 1 0
0.408274 0.440165 0.440165 2 1 0
0.406315 0.440129 0.440129 2 1 0
0.404357 0.440093 0.440093 2 1 0
0.402399 0.440057 0.440057 2 1 0
0.400441 0.44002 0.44002 2 1 0
0.398483 0.439984 0.439984 2 1 0
0.396526 0.439948 0.439948 2 1 0
0.394568 0.439911 0.439911 2 1 0
0.392611 0.439875 0.439875 2 1 0
0.390654 0.439839 0.439839 2 1 0
0.388697 0.439802 0.439802 2 1 0
0.38674 0.439766 0.439766 2 1 0
0.384783 0.439729 0.439729 2 1 0
0.382827 0.439693 0.439693 2 1 0
0.380871 0.439656 0.439656 2 1 0
0.378914 0.439619 0.439619 2 1 0
0.376959 0.439583 0.439583 2 1 0
0.375003 0.439546 0.439546 2 1 0
0.373047 0.439509 0.439509 2 1 0
0.371092 0.439472 0.439472 2 1 0
0.369137 0.439435 0.439435 2 1 0
0.367182 0.439398 0.439398 2 1 0
0.365227 0.439361 0.439361 2 1 0
0.363273 0.439324 0.439324 2 1 0
0.361319 0.439287 0.439287 2 1 0
0.359365 0.43925 0.43925 2 1 0
0.357411 0.439213 0.439213 2 1 0
0.355457 0.439175 0.439175 2 1 0
0.353504 0.439138 0.439138 2 1 0
0.351551 0.4391 0.4391 2 1 0
0.349598 0.439063 0.439063 2 1 0
0.347645 0.439025 0.439025 2 1 0
0.345693 0.438988 0.438988 2 1 0
0.343741 0.43895 0.43895 2 1 0
0.341789 0.438912 0.438912 2 1 0
0.339837 0.438874 0.438874 2 1 0
0.337886 0.438836 0.438836 2 1 0
0.335935 0.438799 0.438799 2 1 0
0.333984 0.43876 0.43876 2 1 0
0.332033 0.438722 0.438722 2 1 0
0.330083 0.438684 0.438684 2 1 0
0.328133 0.438646 0.438646 2 1 0
0.326183 0.438607 0.438607 2 1 0
0.324234 0.438569 0.438569 2 1 0
0.322285 0.438531 0.438531 2 1 0
0.320336 0.438492 0.438492 2 1 0
0.318387 0.438453 0.438453 2 1 0
0.316439 0.438414 0.438414 2 1 0
0.314491 0.438376 0.438376 2 1 0
0.312544 0.438337 0.438337 2 1 0
0.310597 0.438298 0.438298 2 1 0
0.30865 0.438258 0.438258 2 1 0
0.306703 0.438219 0.438219 2 1 0
0.304757 0.43818 0.43818 2 1 0
0.302811 0.43814 0.43814 2 1 0
0.300866 0.438101 0.438101 2 1 0
0.298921 0.438061 0.438061 2 1 0
0.296976 0.438022 0.438022 2 1 0
0.295032 0.437982 0.437982 2 1 0
0.293088 0.437942 0.437942 2 1 0
0.291145 0.437902 0.437902 2 1 0
0.289202 0.437862 0.437862 2 1 0
0.287259 0.437821 0.437821 2 1 0
0.285317 0.437781 0.437781 2 1 0
0.283375 0.437741 0.437741 2 1 0
0.281433 0.4377 0.4377 2 1 0
0.279492 0.437659 0.437659 2 1 0
0.277552 0.437618 0.437618 2 1 0
0.275612 0.437577 0.437577 2 1 0
0.273672 0.437536 0.437536 2 1 0
0.271733 0.437495 0.437495 2 1 0
0.269795 0.437454 0.437454 2 1 0
0.267857 0.437412 0.437412 2 1 0
0.265919 0.437371 0.437371 2 1 0
0.263982 0.437329 0.437329 2 1 0
0.262045 0.437287 0.437287 2 1 0
0.260109 0.437245 0.437245 2 1 0
0.258174 0.437203 0.437203 2 1 0
0.256239 0.437161 0.437161 2 1 0
0.254305 0.437118 0.437118 2 1 0
0.252371 0.437075 0.437075 2 1 0
0.250438 0.437033 0.437033 2 1 0
0.248505 0.43699 0.43699 2 1 0
0.246573 0.436947 0.436947 2 1 0
0.244642 0.436903 0.436903 2 1 0
0.242711 0.43686 0.43686 2 1 0
0.240781 0.436816 0.436816 2 1 0
0.238852 0.436773 0.436773 2 1 0
0.236923 0.436729 0.436729 2 1 0
0.234995 0.436685 0.436685 2 1 0
0.233068 0.43664 0.43664 2 1 0
0.231141 0.436596 0.436596 2 1 0
0.229216 0.436551 0.436551 2 1 0
0.22729 0.436507 0.436507 2 1 0
0.225366 0.436462 0.436462 2 1 0
0.223443 0.436416 0.436416 2 1 0
0.22152 0.436371 0.436371 2 1 0
0.219598 0.436325 0.436325 2 1 0
0.217677 0.43628 0.43628 2 1 0
0.215757 0.436234 0.436234 2 1 0
0.213838 0.436187 0.436187 2 1 0
0.211919 0.436141 0.436141 2 1 0
0.210002 0.436094 0.436094 2 1 0
0.208086 0.436047 0.436047 2 1 0
0.20617 0.436 0.436 2 1 0
0.204255 0.435953 0.435953 2 1 0
0.202342 0.435905 0.435905 2 1 0
0.200429 0.435858 0.435858 2 1 0
0.198518 0.43581 0.43581 2 1 0
0.196608 0.435761 0.435761 2 1 0
0.194698 0.435713 0.435713 2 1 0
0.19279 0.435664 0.435664 2 1 0
0.190883 0.435615 0.435615 2 1 0
0.188978 0.435565 0.435565 2 1 0
0.187073 0.435516 0.435516 2 1 0
0.18517 0.435466 0.435466 2 1 0
0.183268 0.435416 0.435416 2 1 0
0.181367 0.435365 0.435365 2 1 0
0.179468 0.435315 0.435315 2 1 0
0.17757 0.435263 0.435263 2 1 0
0.175674 0.435212 0.435212 2 1 0
0.173779 0.43516 0.43516 2 1 0
0.171885 0.435108 0.435108 2 1 0
0.169993 0.435056 0.435056 2 1 0
0.168103 0.435004 0.435004 2 1 0
0.166214 0.434951 0.434951 2 1 0
0.164327 0.434897 0.434897 2 1 0
0.162441 0.434844 0.434844 2 1 0
0.160557 0.43479 0.43479 2 1 0
0.158676 0.434735 0.434735 2 1 0
0.156796 0.43468 0.43468 2 1 0
0.154918 0.434625 0.434625 2 1 0
0.153041 0.43457 0.43457 2 1 0
0.151167 0.434514 0.434514 2 1 0
0.149295 0.434458 0.434458 2 1 0
0.147425 0.434401 0.434401 2 1 0
0.145558 0.434344 0.434344 2 1 0
0.143692 0.434286 0.434286 2 1 0
0.141829 0.434228 0.434228 2 1 0
0.139969 0.43417 0.43417 2 1 0
0.13811 0.434111 0.434111 2 1 0
0.136255 0.434052 0.434052 2 1 0
0.134402 0.433992 0.433992 2 1 0
0.132552 0.433931 0.433931 2 1 0
0.130704 0.433871 0.433871 2 1 0
0.12886 0.433809 0.433809 2 1 0
0.127018 0.433747 0.433747 2 1 0
0.12518 0.433685 0.433685 2 1 0
0.123345 0.433622 0.433622 2 1 0
0.121513 0.433559 0.433559 2 1 0
0.119684 0.433495 0.433495 2 1 0
0.117859 0.43343 0.43343 2 1 0
0.116038 0.433365 0.433365 2 1 0
0.11422 0.433299 0.433299 2 1 0
0.112406 0.433233 0.433233 2 1 0
0.110597 0.433166 0.433166 2 1 0
0.108791 0.433098 0.433098 2 1 0
0.10699 0.43303 0.43303 2 1 0
0.105194 0.432961 0.432961 2 1 0
0.103402 0.432891 0.432891 2 1 0
0.101614 0.432821 0.432821 2 1 0
0.0998322 0.43275 0.43275 2 1 0
0.0980552 0.432678 0.432678 2 1 0
0.0962836 0.432605 0.432605 2 1 0
0.0945175 0.432532 0.432532 2 1 0
0.0927572 0.432458 0.432458 2 1 0
0.0910029 0.432383 0.432383 2 1 0
0.0892548 0.432307 0.432307 2 1 0
0.0875132 0.432231 0.432231 2 1 0
0.0857783 0.432153 0.432153 2 1 0
0.0840504 0.432075 0.432075 2 1 0
0.0823297 0.431996 0.431996 2 1 0
0.0806166 0.431915 0.431915 2 1 0
0.0789114 0.431834 0.431834 2 1 0
0.0772143 0.431752 0.431752 2 1 0
0.0755256 0.431669 0.431669 2 1 0
0.0738458 0.431585 0.431585 2 1 0
0.0721752 0.4315 0.4315 2 1 0
0.0705141 0.431414 0.431414 2 1 0
0.0688629 0.431326 0.431326 2 1 0
0.0672221 0.431238 0.431238 2 1 0
0.065592 0.431149 0.431149 2 1 0
0.0639731 0.431058 0.431058 2 1 0
0.0623659 0.430966 0.430966 2 1 0
0.0607707 0.430873 0.430873 2 1 0
0.0591882 0.430779 0.430779 2 1 0
0.0576187 0.430684 0.430684 2 1 0
0.0560628 0.430587 0.430587 2 1 0
0.0545211 0.430489 0.430489 2 1 0
0.0529942 0.43039 0.43039 2 1 0
0.0514824 0.430289 0.430289 2 1 0
0.0499866 0.430187 0.430187 2 1 0
0.0485072 0.430084 0.430084 2 1 0
0.0470448 0.429979 0.429979 2 1 0
0.0456002 0.429873 0.429873 2 1 0
0.0441738 0.429766 0.429766 2 1 0
0.0427664 0.429657 0.429657 2 1 0
0.0413787 0.429547 0.429547 2 1 0
0.0400111 0.429435 0.429435 2 1 0
0.0386645 0.429322 0.429322 2 1 0
0.0373394 0.429208 0.429208 2 1 0
0.0360365 0.429092 0.429092 2 1 0
0.0347565 0.428974 0.428974 2 1 0
0.0334998 0.428855 0.428855 2 1 0
0.0322671 0.428735 0.428735 2 1 0
0.0310591 0.428613 0.428613 2 1 0
0.0298761 0.42849 0.42849 2 1 0
0.0287188 0.428366 0.428366 2 1 0
0.0275877 0.42824 0.42824 2 1 0
0.0264831 0.428113 0.428113 2 1 0
0.0254055 0.427984 0.427984 2 1 0
0.0243552 0.427854 0.427854 2 1 0
0.0233326 0.427723 0.427723 2 1 0
0.0223378 0.427591 0.427591 2 1 0
0.021371 0.427457 0.427457 2 1 0
0.0204325 0.427322 0.427322 2 1 0
0.0195223 0.427186 0.427186 2 1 0
0.0186403 0.427049 0.427049 2 1 0
0.0177866 0.426911 0.426911 2 1 0
0.0169611 0.426772 0.426772 2 1 0
0.0161635 0.426632 0.426632 2 1 0
0.0153938 0.426491 0.426491 2 1 0
0.0146515 0.426348 0.426348 2 1 0
0.0139365 0.426205 0.426205 2 1 0
0.0132482 0.426062 0.426062 2 1 0
0.0125864 0.425917 0.425917 2 1 0
0.0119505 0.425771 0.425771 2 1 0
0.0113401 0.425625 0.425625 2 1 0
0.0107546 0.425478 0.425478 2 1 0
0.0101935 0.425331 0.425331 2 1 0
0.00965622 0.425182 0.425182 2 1 0
0.00914208 0.425033 0.425033 2 1 0
0.0086505 0.424884 0.424884 2 1 0
0.00834075 0.424785 0.424785 1 1 0
0.00788278 0.424634 0.424634 1 1 0
0.00744803 0.424483 0.424483 1 1 0
0.00703345 0.424332 0.424332 1 1 0
0.00663837 0.42418 0.42418 1 1 0
0.00626212 0.424027 0.424027 1 1 0
0.00590403 0.423874 0.423874 1 1 0
0.00556345 0.42372 0.42372 1 1 0
0.00523973 0.423566 0.423566 1 1 0
0.00493221 0.423412 0.423412 1 1 0
0.00464027 0.423257 0.423257 1 1 0
0.00436327 0.423102 0.423102 1 1 0
0.00410061 0.422946 0.422946 1 1 0
0.0038517 0.42279 0.42279 1 1 0
0.00361594 0.422633 0.422633 1 1 0
0.00339277 0.422476 0.422476 1 1 0
0.00318164 0.422318 0.422318 1 1 0
0.002982 0.42216 0.42216 1 1 0
0.00279334 0.422002 0.422002 1 1 0
0.00261516 0.421843 0.421843 1 1 0
0.00244696 0.421683 0.421683 1 1 0
0.00228828 0.421523 0.421523 1 1 0
0.00213866 0.421363 0.421363 1 1 0
0.00199765 0.421202 0.421202 1 1 0
0.00186485 0.421041 0.421041 1 1 0
0.00173984 0.420879 0.420879 1 1 0
0.00162223 0.420717 0.420717 1 1 0
0.00151165 0.420555 0.420555 1 1 0
0.00140774 0.420391 0.420391 1 1 0
0.00131014 0.420228 0.420228 1 1 0
0.00121854 0.420063 0.420063 1 1 0
0.00113261 0.419898 0.419898 1 1 0
0.00105205 0.419733 0.419733 1 1 0
0.000976576 0.419567 0.419567 1 1 0
0.000905902 0.4194 0.4194 1 1 0
0.000839766 0.419233 0.419233 1 1 0
0.000777917 0.419065 0.419065 1 1 0
0.000720114 0.418897 0.418897 1 1 0
0.000666126 0.418728 0.418728 1 1 0
0.000615735 0.418558 0.418558 1 1 0
0.000568733 0.418388 0.418388 1 1 0
0.000524921 0.418217 0.418217 1 1 0
0.000484112 0.418045 0.418045 1 1 0
0.000446126 0.417872 0.417872 1 1 0
0.000410792 0.417699 0.417699 1 1 0
0.00037795 0.417525 0.417525 1 1 0
0.000347447 0.41735 0.41735 1 1 0
0.000319136 0.417174 0.417174 1 1 0
0.000292881 0.416998 0.416998 1 1 0
0.000268551 0.41682 0.41682 1 1 0
0.000246024 0.416642 0.416642 1 1 0
0.000225181 0.416463 0.416463 1 1 0
0.000205914 0.416283 0.416283 1 1 0
0.000188118 0.416102 0.416102 1 1 0
0.000171694 0.41592 0.41592 1 1 0
0.000156551 0.415737 0.415737 1 1 0
0.0001426 0.415554 0.415554 1 1 0
0.00012976 0.415369 0.415369 1 1 0
0.000117954 0.415183 0.415183 1 1 0
0.000107107 0.414996 0.414996 1 1 0
9.71525e-05 0.414808 0.414808 1 1 0
8.80254e-05 0.414618 0.414618 1 1 0
7.96654e-05 0.414428 0.414428 1 1 0
7.2016e-05 0.414236 0.414236 1 1 0
6.50242e-05 0.414043 0.414043 1 1 0
5.86404e-05 0.413849 0.413849 1 1 0
5.2818e-05 0.413654 0.413654 1 1 0
4.75137e-05 0.413457 0.413457 1 1 0
4.2687e-05 0.413259 0.413259 1 1 0
3.83001e-05 0.41306 0.41306 1 1 0
3.43176e-05 0.412859 0.412859 1 1 0
3.07068e-05 0.412657 0.412657 1 1 0
2.74371e-05 0.412453 0.412453 1 1 0
2.44802e-05 0.412248 0.412248 1 1 0
2.18096e-05 0.412041 0.412041 1 1 0
1.94009e-05 0.411832 0.411832 1 1 0
1.72315e-05 0.411622 0.411622 1 1 0
1.52803e-05 0.41141 0.41141 1 1 0
1.3528e-05 0.411197 0.411197 1 1 0
1.19567e-05 0.410981 0.410981 1 1 0
1.05499e-05 0.410764 0.410764 1 1 0
9.29222e-06 0.410545 0.410545 1 1 0
8.16979e-06 0.410324 0.410324 1 1 0
7.16971e-06 0.410101 0.410101 1 1 0
6.28016e-06 0.409876 0.409876 1 1 0
5.4903e-06 0.409649 0.409649 1 1 0
4.79024e-06 0.40942 0.40942 1 1 0
4.1709e-06 0.409189 0.409189 1 1 0
3.62403e-06 0.408955 0.408955 1 1 0
3.14208e-06 0.408719 0.408719 1 1 0
2.7182e-06 0.408481 0.408481 1 1 0
2.34617e-06 0.40824 0.40824 1 1 0
2.02033e-06 0.407997 0.407997 1 1 0
1.73557e-06 0.407751 0.407751 1 1 0
1.48728e-06 0.407503 0.407503 1 1 0
1.27128e-06 0.407251 0.407251 1 1 0
1.08382e-06 0.406997 0.406997 1 1 0
9.21533e-07 0.406741 0.406741 1 1 0
7.81388e-07 0.406481 0.406481 1 1 0
6.60681e-07 0.406218 0.406218 1 1 0
5.56993e-07 0.405952 0.405952 1 1 0
4.68173e-07 0.405683 0.405683 1 1 0
3.92303e-07 0.405411 0.405411 1 1 0
3.27686e-07 0.405135 0.405135 1 1 0
2.7282e-07 0.404856 0.404856 1 1 0
2.26377e-07 0.404573 0.404573 1 1 0
1.87192e-07 0.404286 0.404286 1 1 0
1.54239e-07 0.403996 0.403996 1 1 0
1.26623e-07 0.403702 0.403702 1 1 0
1.0356e-07 0.403404 0.403404 1 1 0
8.43696e-08 0.403102 0.403102 1 1 0
6.84617e-08 0.402796 0.402796 1 1 0
5.53256e-08 0.402486 0.402486 1 1 0
4.45216e-08 0.402171 0.402171 1 1 0
3.56722e-08 0.401852 0.401852 1 1 0
2.84545e-08 0.401528 0.401528 1 1 0
2.25933e-08 0.4012 0.4012 1 1 0
1.78551e-08 0.400867 0.400867 1 1 0
1.40425e-08 0.400528 0.400528 1 1 0
1.09893e-08 0.400185 0.400185 1 1 0
8.5563e-09 0.399837 0.399837 1 1 0
6.62724e-09 0.399484 0.399484 1 1 0
5.10571e-09 0.399125 0.399125 1 1 0
3.91202e-09 0.398761 0.398761 1 1 0
2.98066e-09 0.398391 0.398391 1 1 0
2.25808e-09 0.398016 0.398016 1 1 0
1.70069e-09 0.397635 0.397635 1 1 0
1.27327e-09 0.397249 0.397249 1 1 0
9.47501e-10 0.396856 0.396856 1 1 0
7.00732e-10 0.396458 0.396458 1 1 0
5.14984e-10 0.396054 0.396054 1 1 0
3.76067e-10 0.395644 0.395644 1 1 0
2.72852e-10 0.395229 0.395229 1 1 0
1.96674e-10 0.394807 0.394807 1 1 0
1.40829e-10 0.394379 0.394379 1 1 0
1.0017e-10 0.393945 0.393945 1 1 0
7.07723e-11 0.393506 0.393506 1 1 0
4.96648e-11 0.39306 0.39306 1 1 0
3.46166e-11 0.392609 0.392609 1 1 0
2.39641e-11 0.392152 0.392152 1 1 0
1.6477e-11 0.391689 0.391689 1 1 0
1.12522e-11 0.391221 0.391221 1 1 0
7.63211e-12 0.390748 0.390748 1 1 0
5.14176e-12 0.390269 0.390269 1 1 0
3.44077e-12 0.389784 0.389784 1 1 0
2.28715e-12 0.389295 0.389295 1 1 0
1.51026e-12 0.3888 0.3888 1 1 0
9.90726e-13 0.388301 0.388301 1 1 0
6.45698e-13 0.387797 0.387797 1 1 0
4.18128e-13 0.387289 0.387289 1 1 0
2.69045e-13 0.386776 0.386776 1 1 0
1.72033e-13 0.386259 0.386259 1 1 0
1.09321e-13 0.385738 0.385738 1 1 0
6.90449e-14 0.385213 0.385213 1 1 0
4.33444e-14 0.384684 0.384684 1 1 0
2.70482e-14 0.384151 0.384151 1 1 0
1.67796e-14 0.383615 0.383615 1 1 0
1.03488e-14 0.383075 0.383075 1 1 0
6.34593e-15 0.382532 0.382532 1 1 0
3.8692e-15 0.381986 0.381986 1 1 0
2.34581e-15 0.381437 0.381437 1 1 0
1.41426e-15 0.380885 0.380885 1 1 0
8.47913e-16 0.38033 0.38033 1 1 0
5.05561e-16 0.379772 0.379772 1 1 0
2.99785e-16 0.379211 0.379211 1 1 0
1.76795e-16 0.378648 0.378648 1 1 0
1.03695e-16 0.378082 0.378082 1 1 0
6.04899e-17 0.377513 0.377513 1 1 0
3.50948e-17 0.376941 0.376941 1 1 0
2.02506e-17 0.376368 0.376368 1 1 0
1.16215e-17 0.375791 0.375791 1 1 0
6.63296e-18 0.375212 0.375212 1 1 0
3.76501e-18 0.374631 0.374631 1 1 0
2.12532e-18 0.374047 0.374047 1 1 0
1.19307e-18 0.37346 0.37346 1 1 0
6.66006e-19 0.372871 0.372871 1 1 0
3.6969e-19 0.37228 0.37228 1 1 0
2.04042e-19 0.371685 0.371685 1 1 0
1.11967e-19 0.371089 0.371089 1 1 0
6.10923e-20 0.370489 0.370489 1 1 0
3.31269e-20 0.369887 0.369887 1 1 0
1.78671e-20 0.369283 0.369283 1 1 0
9.56883e-21 0.368675 0.368675 1 1 0
5.09543e-21 0.368065 0.368065 1 1 0
2.69992e-21 0.367452 0.367452 1 1 0
1.41613e-21 0.366837 0.366837 1 1 0
7.41154e-22 0.366218 0.366218 1 1 0
3.83812e-22 0.365596 0.365596 1 1 0
1.98523e-22 0.364972 0.364972 1 1 0
1.05879e-22 0.364344 0.364344 1 1 0
5.29396e-23 0.363713 0.363713 1 1 0
2.64698e-23 0.363079 0.363079 1 1 0
1.32349e-23 0.362442 0.362442 1 1 0
0 0.361801 0.361801 1 1 0
0 0.361157 0.361157 1 1 0
0 0.360509 0.360509 1 1 0
0 0.359858 0.359858 1 1 0
0 0.359203 0.359203 1 1 0
0 0.358545 0.358545 1 1 0
0 0.357882 0.357882 1 1 0
0 0.357216 0.357216 1 1 0
0 0.356546 0.356546 1 1 0
0 0.355872 0.355872 1 1 0
0 0.355193 0.355193 1 1 0
0 0.35451 0.35451 1 1 0
0 0.353823 0.353823 1 1 0
0 0.353131 0.353131 1 1 0
0 0.352435 0.352435 1 1 0
0 0.351734 0.351734 1 1 0
0 0.351028 0.351028 1 1 0
0 0.350318 0.350318 1 1 0
0 0.349602 0.349602 1 1 0
0 0.348881 0.348881 1 1 0
0 0.348155 0.348155 1 1 0
0 0.347423 0.347423 1 1 0
0 0.346686 0.346686 1 1 0
0 0.345943 0.345943 1 1 0
0 0.345194 0.345194 1 1 0
0 0.344439 0.344439 1 1 0
0 0.343679 0.343679 1 1 0
0 0.342911 0.342911 1 1 0
0 0.342138 0.342138 1 1 0
0 0.341357 0.341357 1 1 0
0 0.34057 0.34057 1 1 0
0 0.339776 0.339776 1 1 0
0 0.338975 0.338975 1 1 0
0 0.338167 0.338167 1 1 0
0 0.33735 0.33735 1 1 0
0 0.336527 0.336527 1 1 0
0 0.335695 0.335695 1 1 0
0 0.334855 0.334855 1 1 0
0 0.334007 0.334007 1 1 0
0 0.33315 0.33315 1 1 0
0 0.332285 0.332285 1 1 0
0 0.33141 0.33141 1 1 0
0 0.330526 0.330526 1 1 0
0 0.329633 0.329633 1 1 0
0 0.32873 0.32873 1 1 0
0 0.327817 0.327817 1 1 0
0 0.326893 0.326893 1 1 0
0 0.325959 0.325959 1 1 0
0 0.325015 0.325015 1 1 0
0 0.324058 0.324058 1 1 0
0 0.323091 0.323091 1 1 0
0 0.322112 0.322112 1 1 0
0 0.32112 0.32112 1 1 0
0 0.320116 0.320116 1 1 0
0 0.3191 0.3191 1 1 0
0 0.31807 0.31807 1 1 0
0 0.317027 0.317027 1 1 0
0 0.31597 0.31597 1 1 0
0 0.314898 0.314898 1 1 0
0 0.313813 0.313813 1 1 0
0 0.312712 0.312712 1 1 0
0 0.311596 0.311596 1 1 0
0 0.310464 0.310464 1 1 0
0 0.309316 0.309316 1 1 0
0 0.308152 0.308152 1 1 0
0 0.30697 0.30697 1 1 0
0 0.305772 0.305772 1 1 0
0 0.304555 0.304555 1 1 0
0 0.303321 0.303321 2 1 0
0 0.302068 0.302068 2 1 0
0 0.300796 0.300796 1 1 0
0 0.299505 0.299505 1 1 0
0 0.298195 0.298195 2 1 0
0 0.296864 0.296864 1 1 0
0 0.295514 0.295514 2 1 0
0 0.294142 0.294142 2 1 0
0 0.29275 0.29275 1 1 0
0 0.291337 0.291337 2 1 0
0 0.289903 0.289903 2 1 0
0 0.288447 0.288447 2 1 0
0 0.28697 0.28697 2 1 0
0 0.28547 0.28547 2 1 0
0 0.28395 0.28395 1 1 0
0 0.282407 0.282407 2 1 0
0 0.280843 0.280843 2 1 0
0 0.279258 0.279258 1 1 0
0 0.277651 0.277651 2 1 0
0 0.276024 0.276024 2 1 0
0 0.274375 0.274375 1 1 0
0 0.272707 0.272707 1 1 0
0 0.271018 0.271018 1 1 0
0 0.26931 0.26931 1 1 0
0 0.267583 0.267583 1 1 0
0 0.265838 0.265838 1 1 0
0 0.264075 0.264075 1 1 0
0 0.262295 0.262295 1 1 0
0 0.260499 0.260499 1 1 0
0 0.258687 0.258687 1 1 0
0 0.256861 0.256861 1 1 0
0 0.25502 0.25502 1 1 0
0 0.253167 0.253167 1 1 0
0 0.251301 0.251301 1 1 0
0 0.249423 0.249423 1 1 0
0 0.247534 0.247534 1 1 0
0 0.245636 0.245636 1 1 0
0 0.243727 0.243727 1 1 0
0 0.24181 0.24181 1 1 0
0 0.239885 0.239885 1 1 0
0 0.237953 0.237953 1 1 0
0 0.236014 0.236014 1 1 0
0 0.234068 0.234068 1 1 0
0 0.232117 0.232117 1 1 0
0 0.230161 0.230161 1 1 0
0 0.2282 0.2282 1 1 0
0 0.226235 0.226235 1 1 0
0 0.224266 0.224266 1 1 0
0 0.222293 0.222293 1 1 0
0 0.220318 0.220318 1 1 0
0 0.218339 0.218339 1 1 0
0 0.216358 0.216358 1 1 0
0 0.214375 0.214375 1 1 0
0 0.21239 0.21239 1 1 0
0 0.210403 0.210403 1 1 0
0 0.208415 0.208415 1 1 0
0 0.206425 0.206425 1 1 0
0 0.204433 0.204433 1 1 0
0 0.202441 0.202441 1 1 0
0 0.200448 0.200448 1 1 0
0 0.198454 0.198454 1 1 0
0 0.196459 0.196459 1 1 0
0 0.194463 0.194463 1 1 0
0 0.192467 0.192467 1 1 0
0 0.19047 0.19047 1 1 0
0 0.188473 0.188473 1 1 0
0 0.186476 0.186476 1 1 0
0 0.184478 0.184478 1 1 0
0 0.18248 0.18248 1 1 0
0 0.180481 0.180481 1 1 0
0 0.178482 0.178482 1 1 0
0 0.176484 0.176484 1 1 0
0 0.174485 0.174485 1 1 0
0 0.172485 0.172485 1 1 0
0 0.170486 0.170486 1 1 0
0 0.168487 0.168487 1 1 0
0 0.166487 0.166487 1 1 0
0 0.164488 0.164488 1 1 0
0 0.162488 0.162488 1 1 0
0 0.160488 0.160488 1 1 0
0 0.158489 0.158489 1 1 0
0 0.156489 0.156489 1 1 0
0 0.154489 0.154489 1 1 0
0 0.152489 0.152489 1 1 0
0 0.150489 0.150489 1 1 0
0 0.148489 0.148489 1 1 0
0 0.146489 0.146489 1 1 0
0 0.14449 0.14449 1 1 0
0 0.14249 0.14249 1 1 0
0 0.14049 0.14049 1 1 0
0 0.13849 0.13849 1 1 0
0 0.13649 0.13649 1 1 0
0 0.13449 0.13449 1 1 0
0 0.13249 0.13249 1 1 0
0 0.13049 0.13049 1 1 0
0 0.12849 0.12849 1 1 0
0 0.12649 0.12649 1 1 0
0 0.12449 0.12449 1 1 0
0 0.12249 0.12249 1 1 0
0 0.12049 0.12049 1 1 0
0 0.11849 0.11849 1 1 0
0 0.11649 0.11649 1 1 0
0 0.11449 0.11449 1 1 0
0 0.11249 0.11249 1 1 0
0 0.11049 0.11049 1 1 0
0 0.10849 0.10849 1 1 0
0 0.10649 0.10649 1 1 0
0 0.10449 0.10449 1 1 0
0 0.10249 0.10249 1 1 0
0 0.10049 0.10049 1 1 0
0 0.0984898 0.0984898 1 1 0
0 0.0964898 0.0964898 1 1 0
0 0.0944898 0.0944898 1 1 0
0 0.0924898 0.0924898 1 1 0
0 0.0904898 0.0904898 1 1 0
0 0.0884898 0.0884898 1 1 0
0 0.0864898 0.0864898 1 1 0
0 0.0844898 0.0844898 1 1 0
0 0.0824898 0.0824898 1 1 0
0 0.0804898 0.0804898 1 1 0
0 0.0784898 0.0784898 1 1 0
0 0.0764898 0.0764898 1 1 0
0 0.0744898 0.0744898 1 1 0
0.00833832 0.424785 0.424785 4 4 0
0.00833972 0.424995 0.424573 4 4 0
0.0083415 0.42514 0.424426 3 4 0
0.00835177 0.425553 0.423995 3 4 0
0.00836962 0.42596 0.423559 3 4 0
0.00839492 0.42636 0.423117 3 4 0
0.00842755 0.426753 0.422669 3 4 0
0.00846731 0.427139 0.422216 3 4 0
0.00851398 0.427518 0.421758 3 4 0
0.00856732 0.42789 0.421296 3 4 0
0.00862706 0.428255 0.420828 3 4 0
0.0086929 0.428614 0.420357 3 4 0
0.00876455 0.428966 0.419882 3 4 0
0.0088417 0.429311 0.419403 3 4 0
0.00892403 0.42965 0.418921 3 4 0
0.00901123 0.429982 0.418435 3 4 0
0.00910299 0.430309 0.417946 3 4 0
0.00919901 0.430629 0.417454 3 4 0
0.00929899 0.430944 0.41696 3 4 0
0.00940267 0.431254 0.416462 3 4 0
0.00950977 0.431557 0.415962 3 4 0
0.00962003 0.431857 0.415458 3 4 0
0.00973323 0.432151 0.414954 3 4 0
0.00984914 0.432441 0.414445 3 4 0
0.00996756 0.432725 0.413935 3 4 0
0.0100883 0.433007 0.413422 3 4 0
0.0102112 0.433283 0.412907 3 4 0
0.010336 0.433556 0.412388 3 4 0
0.0104627 0.433827 0.411868 3 4 0
0.0105912 0.434093 0.411345 3 4 0
0.0107212 0.434356 0.410818 3 4 0
0.0108527 0.434617 0.410291 3 4 0
0.0109856 0.434873 0.409758 3 4 0
0.0111198 0.435129 0.409224 3 4 0
0.0112553 0.435381 0.408686 3 4 0
0.0113919 0.43563 0.408146 3 4 0
0.0115297 0.435877 0.407602 3 4 0
0.0116686 0.436125 0.407054 3 4 0
0.0118086 0.436368 0.406504 3 4 0
0.0119496 0.436611 0.40595 3 4 0
0.0120916 0.43685 0.40539 3 4 0
0.0122346 0.43709 0.404827 3 4 0
0.0123786 0.437326 0.404261 3 4 0
0.0125236 0.437565 0.403691 3 4 0
0.0126696 0.437801 0.403116 3 4 0
0.0128165 0.438034 0.402537 3 4 0
0.0129645 0.43827 0.401951 3 4 0
0.0131136 0.438502 0.401361 3 4 0
0.0132636 0.438735 0.400767 3 4 0
0.0134148 0.438968 0.400169 3 4 0
0.013567 0.439199 0.399562 3 4 0
0.0137204 0.439431 0.398951 3 4 0
0.0138749 0.439662 0.398333 3 4 0
0.0140306 0.439891 0.397711 3 4 0
0.0141875 0.440125 0.397082 3 4 0
0.0143457 0.440356 0.396448 3 4 0
0.0145052 0.440585 0.395803 3 4 0
0.014666 0.440817 0.395155 3 4 0
0.0148283 0.441051 0.394497 3 4 0
0.0149919 0.441285 0.393835 3 4 0
0.0151571 0.441517 0.393163 3 4 0
0.0153237 0.441752 0.392486 3 4 0
0.015492 0.441985 0.391799 3 4 0
0.0156618 0.442222 0.391106 3 4 0
0.0158333 0.442458 0.3904 3 4 0
0.0160066 0.442693 0.389688 3 4 0
0.0161816 0.442933 0.388968 3 4 0
0.0163585 0.443173 0.388239 3 4 0
0.0165372 0.443412 0.387504 3 4 0
0.0167178 0.443655 0.386754 3 4 0
0.0169004 0.443897 0.385998 3 4 0
0.017085 0.44414 0.385228 3 4 0
0.0172717 0.444387 0.384454 3 4 0
0.0174606 0.444635 0.383665 3 4 0
0.0176516 0.444883 0.382866 3 4 0
0.0178448 0.445131 0.382061 3 4 0
0.0180403 0.445385 0.381239 3 4 0
0.0182381 0.445639 0.380409 3 4 0
0.0184383 0.445889 0.379569 3 4 0
0.0186409 0.446149 0.378716 3 4 0
0.0188459 0.446409 0.377854 3 4 0
0.0190534 0.446671 0.376978 3 4 0
0.0192635 0.446933 0.376092 3 4 0
0.0194761 0.447197 0.375197 3 4 0
0.0196914 0.447464 0.374284 3 4 0
0.0199093 0.447732 0.373363 3 4 0
0.0201299 0.448001 0.372432 3 4 0
0.0203532 0.448273 0.371483 3 4 0
0.0205793 0.448545 0.370527 3 4 0
0.0208081 0.448824 0.369558 3 4 0
0.0210398 0.449106 0.368572 3 4 0
0.0212744 0.449386 0.36758 3 4 0
0.0215119 0.449668 0.366571 3 4 0
0.0217523 0.449955 0.36555 3 4 0
0.0219957 0.450241 0.364521 3 4 0
0.022242 0.450529 0.363473 3 4 0
0.0224915 0.450822 0.362415 3 4 0
0.022744 0.451118 0.361348 3 4 0
0.0229996 0.451416 0.360262 3 4 0
0.0232583 0.451713 0.359165 3 4 0
0.0235203 0.452016 0.358059 3 4 0
0.0237855 0.452321 0.356939 3 4 0
0.024054 0.452627 0.355801 3 4 0
0.0243258 0.452934 0.354655 3 4 0
0.024601 0.453244 0.353499 3 4 0
0.0248797 0.453559 0.352322 3 4 0
0.0251618 0.453877 0.351136 3 4 0
0.0254476 0.454197 0.349939 3 4 0
0.0257369 0.454516 0.348725 3 4 0
0.02603 0.454842 0.347504 3 4 0
0.0263269 0.455171 0.346264 3 4 0
0.0266276 0.455503 0.345012 3 4 0
0.0269323 0.455837 0.343743 3 4 0
0.027241 0.456175 0.342463 3 4 0
0.0275538 0.456515 0.341171 3 4 0
0.0278709 0.456858 0.339863 3 4 0
0.0281924 0.457205 0.338543 3 4 0
0.0285183 0.457551 0.33721 3 4 0
0.0288488 0.457904 0.335857 3 4 0
0.029184 0.45826 0.334492 3 4 0
0.0295241 0.458623 0.333114 3 4 0
0.0298692 0.458988 0.331724 3 4 0
0.0302194 0.459357 0.330313 3 4 0
0.0305749 0.459726 0.32889 3 4 0
0.0309359 0.460102 0.327448 3 4 0
0.0313025 0.460483 0.325989 3 4 0
0.0316749 0.460874 0.324517 3 4 0
0.0320533 0.461264 0.323032 3 4 0
0.032438 0.461659 0.321531 3 4 0
0.032829 0.462054 0.320003 3 4 0
0.0332267 0.462459 0.318467 3 4 0
0.0336312 0.462869 0.316916 3 4 0
0.0340428 0.463289 0.315335 3 4 0
0.0344617 0.46371 0.313745 3 4 0
0.0348882 0.464137 0.312139 3 4 0
0.0353226 0.464569 0.310509 3 4 0
0.0357651 0.465008 0.308865 3 4 0
0.0362159 0.465453 0.307204 3 4 0
0.0366755 0.465908 0.30552 3 4 0
0.0371441 0.466367 0.303817 3 4 0
0.0376219 0.466832 0.302097 3 4 0
0.0381094 0.467305 0.300366 3 4 0
0.0386069 0.467787 0.298604 3 4 0
0.0391146 0.468277 0.296824 3 4 0
0.039633 0.468766 0.295034 3 4 0
0.0401623 0.469273 0.293219 3 4 0
0.040703 0.469789 0.291381 3 4 0
0.0412554 0.470313 0.289529 3 4 0
0.0418199 0.470842 0.287661 3 4 0
0.0423967 0.47138 0.285769 3 4 0
0.0429863 0.471938 0.283854 3 4 0
0.0435891 0.472496 0.28193 3 4 0
0.0442053 0.473063 0.27999 3 4 0
0.0448352 0.473645 0.278034 3 4 0
0.0454793 0.474235 0.276059 3 4 0
0.0461378 0.474835 0.274072 3 4 0
0.0468109 0.475443 0.272081 3 4 0
0.0474989 0.476061 0.270073 3 4 0
0.048202 0.476687 0.268051 3 4 0
0.0489204 0.477331 0.266009 3 4 0
0.0496542 0.477977 0.263971 3 4 0
0.0504035 0.478634 0.261929 3 4 0
0.0511683 0.479315 0.259896 3 4 0
0.0519486 0.479996 0.257847 3 4 0
0.0527444 0.480685 0.255799 3 4 0
0.0535554 0.481381 0.253746 3 4 0
0.0543815 0.482093 0.251709 3 4 0
0.0552224 0.482812 0.249679 3 4 0
0.0560778 0.483537 0.24766 3 4 0
0.0569474 0.484271 0.245654 3 4 0
0.0578307 0.485008 0.243663 3 4 0
0.0587273 0.485746 0.241699 3 4 0
0.0596366 0.486506 0.239744 3 4 0
0.0605581 0.48727 0.237811 3 4 0
0.0614912 0.488036 0.235896 3 4 0
0.0624354 0.488803 0.234016 3 4 0
0.0633901 0.48957 0.232165 3 4 0
0.0643545 0.49034 0.230353 3 4 0
0.0653282 0.491124 0.228567 3 4 0
0.0663105 0.491913 0.226814 3 4 0
0.0673008 0.492685 0.225071 3 4 0
0.0682986 0.493478 0.223381 3 4 0
0.0693034 0.494267 0.221728 3 4 0
0.0703145 0.49505 0.220114 3 4 0
0.0713316 0.495827 0.218532 3 4 0
0.0723541 0.496608 0.216988 3 4 0
0.0733816 0.497408 0.215494 3 4 0
0.0744138 0.49819 0.21402 3 4 0
0.0754502 0.498965 0.212586 3 4 0
0.0764905 0.49975 0.211191 3 4 0
0.0775345 0.500517 0.209838 3 4 0
0.0785818 0.501304 0.208523 3 4 0
0.0796322 0.502081 0.207244 3 4 0
0.0806855 0.502858 0.206005 3 4 0
0.0817414 0.503626 0.20478 3 4 0
0.0827999 0.504388 0.203581 3 4 0
0.0838607 0.505144 0.202435 3 4 0
0.0849237 0.505918 0.201324 3 4 0
0.0859888 0.506682 0.200254 3 4 0
0.0870559 0.507441 0.199196 3 4 0
0.0881249 0.50819 0.198173 3 4 0
0.0891958 0.508935 0.197183 3 4 0
0.0902684 0.509676 0.196225 3 4 0
0.0913428 0.510435 0.1953 3 4 0
0.0924189 0.511173 0.194427 3 4 0
0.0934967 0.511922 0.193548 3 4 0
0.0945761 0.512662 0.192688 3 4 0
0.0956572 0.513394 0.191872 3 4 0
0.0967399 0.514116 0.191066 3 4 0
0.0978243 0.514842 0.190288 3 4 0
0.0989103 0.515583 0.189556 3 4 0
0.099998 0.516307 0.188824 3 4 0
0.101087 0.517022 0.188118 3 4 0
0.102178 0.517734 0.187442 3 4 0
0.103271 0.51845 0.186784 3 4 0
0.104366 0.519173 0.186152 3 4 0
0.105462 0.519872 0.185562 3 4 0
0.10656 0.520584 0.184972 3 4 0
0.10766 0.521298 0.184385 3 4 0
0.108761 0.521994 0.183839 3 4 0
0.109865 0.522703 0.183292 3 4 0
0.110971 0.523404 0.182769 3 4 0
0.112078 0.524094 0.18227 3 4 0
0.113188 0.524776 0.181797 3 4 0
0.114299 0.525477 0.181344 3 4 0
0.115413 0.526163 0.180876 3 4 0
0.116528 0.526849 0.180444 3 4 0
0.117646 0.527545 0.180033 3 4 0
0.118766 0.528212 0.179628 3 4 0
0.119888 0.528906 0.179246 3 4 0
0.121013 0.529592 0.178883 3 4 0
0.122139 0.530268 0.178519 3 4 0
0.123268 0.530935 0.178183 3 4 0
0.1244 0.531601 0.177867 3 4 0
0.125534 0.532271 0.177562 3 4 0
0.12667 0.532953 0.177252 3 4 0
0.127808 0.533627 0.176951 3 4 0
0.12895 0.534278 0.176674 3 4 0
0.130093 0.534947 0.176404 3 4 0
0.131239 0.535619 0.176151 3 4 0
0.132388 0.536263 0.175914 3 4 0
0.13354 0.536932 0.175683 3 4 0
0.134694 0.537597 0.175468 3 4 0
0.135851 0.538238 0.175262 3 4 0
0.13701 0.538897 0.175064 3 4 0
0.138173 0.539559 0.174882 3 4 0
0.139338 0.540202 0.17471 3 4 0
0.140506 0.540844 0.174542 3 4 0
0.141676 0.541504 0.174389 3 4 0
0.14285 0.542154 0.174247 3 4 0
0.144026 0.54279 0.174108 3 4 0
0.145206 0.543427 0.173985 3 4 0
0.146388 0.54408 0.173875 3 4 0
0.147574 0.544727 0.173762 3 4 0
0.148762 0.545367 0.173662 3 4 0
0.149953 0.546005 0.173575 3 4 0
0.151148 0.546639 0.173491 3 4 0
0.152345 0.547266 0.173421 3 4 0
0.153546 0.547909 0.173359 3 4 0
0.15475 0.548542 0.173312 3 4 0
0.155957 0.549167 0.173279 3 4 0
0.157167 0.549802 0.173226 3 4 0
0.15838 0.55043 0.173183 3 4 0
0.159596 0.55105 0.173152 3 4 0
0.160816 0.55168 0.173135 3 4 0
0.162039 0.552307 0.173131 3 4 0
0.163265 0.552928 0.173138 3 4 0
0.164494 0.553549 0.173124 3 4 0
0.165727 0.554172 0.17314 3 4 0
0.166963 0.55479 0.173167 3 4 0
0.168203 0.555406 0.173176 3 4 0
0.169445 0.556026 0.173208 3 4 0
0.170691 0.55664 0.173251 3 4 0
0.171941 0.55725 0.173288 3 4 0
0.173194 0.557868 0.173337 3 4 0
0.17445 0.55848 0.173397 3 4 0
0.17571 0.55908 0.173457 3 4 0
0.176973 0.559697 0.173523 3 4 0
0.178239 0.560308 0.173601 3 4 0
0.179509 0.560903 0.173678 3 4 0
0.180783 0.561517 0.173763 3 4 0
0.18206 0.562125 0.173858 3 4 0
0.18334 0.562704 0.173951 3 4 0
0.184624 0.563316 0.174056 3 4 0
0.185911 0.563926 0.174171 3 4 0
0.187202 0.564523 0.174278 3 4 0
0.188497 0.565111 0.174404 3 4 0
0.189795 0.565707 0.17454 3 4 0
0.191096 0.566322 0.174661 3 4 0
0.192401 0.56691 0.174809 3 4 0
0.19371 0.567492 0.17494 3 4 0
0.195022 0.568105 0.175071 3 4 0
0.196338 0.568694 0.175211 3 4 0
0.197657 0.569276 0.17536 3 4 0
0.19898 0.569861 0.175523 3 4 0
0.200306 0.570458 0.17568 3 4 0
0.201636 0.57105 0.175847 3 4 0
0.20297 0.571613 0.176021 3 4 0
0.204307 0.572198 0.176193 3 4 0
0.205648 0.572794 0.176374 3 4 0
0.206992 0.573369 0.176558 3 4 0
0.20834 0.573939 0.176749 3 4 0
0.209692 0.574532 0.176949 3 4 0
0.211047 0.57511 0.177137 3 4 0
0.212405 0.575697 0.177342 3 4 0
0.213768 0.576278 0.177556 3 4 0
0.215134 0.576853 0.177757 3 4 0
0.216503 0.577422 0.177979 3 4 0
0.217876 0.577985 0.178209 3 4 0
0.219253 0.57857 0.178438 3 4 0
0.220633 0.57914 0.178648 3 4 0
0.222017 0.579704 0.178865 3 4 0
0.223404 0.580275 0.1791 3 4 0
0.224795 0.580836 0.179327 3 4 0
0.22619 0.58139 0.179563 3 4 0
0.227588 0.581937 0.179805 3 4 0
0.228989 0.582507 0.180053 3 4 0
0.230394 0.583082 0.180308 3 4 0
0.231803 0.583657 0.180583 3 4 0
0.233215 0.584212 0.180844 3 4 0
0.234631 0.584761 0.18109 3 4 0
0.236051 0.585318 0.181366 3 4 0
0.237474 0.585882 0.181633 3 4 0
0.2389 0.586439 0.181889 3 4 0
0.24033 0.586972 0.182169 3 4 0
0.241763 0.587534 0.182434 3 4 0
0.2432 0.588091 0.182705 3 4 0
0.244641 0.588624 0.182989 3 4 0
0.246085 0.589158 0.183269 3 4 0
0.247532 0.589719 0.183556 3 4 0
0.248983 0.590272 0.183848 3 4 0
0.250437 0.590822 0.184146 3 4 0
0.251895 0.591367 0.184451 3 4 0
0.253356 0.591908 0.184773 3 4 0
0.25482 0.592445 0.185083 3 4 0
0.256288 0.592976 0.185374 3 4 0
0.25776 0.593519 0.185657 3 4 0
0.259235 0.594058 0.185969 3 4 0
0.260713 0.594592 0.186286 3 4 0
0.262194 0.595123 0.186642 3 4 0
0.263679 0.595647 0.186965 3 4 0
0.265168 0.596167 0.187271 3 4 0
0.266659 0.596683 0.18761 3 4 0
0.268154 0.59722 0.187922 3 4 0
0.269652 0.597758 0.18824 3 4 0
0.271154 0.598285 0.188592 3 4 0
0.272659 0.598799 0.188913 3 4 0
0.274167 0.599307 0.18924 3 4 0
0.275678 0.599837 0.189576 3 4 0
0.277193 0.600341 0.189911 3 4 0
0.27871 0.600872 0.190252 3 4 0
0.280231 0.601379 0.190598 3 4 0
0.281756 0.601897 0.190949 3 4 0
0.283283 0.602422 0.191306 3 4 0
0.284813 0.602927 0.191671 3 4 0
0.286347 0.603422 0.192038 3 4 0
0.287884 0.603943 0.192403 3 4 0
0.289424 0.60447 0.192747 3 4 0
0.290967 0.60497 0.193099 3 4 0
0.292513 0.605464 0.193457 3 4 0
0.294063 0.605984 0.193817 3 4 0
0.295615 0.606483 0.194189 3 4 0
0.29717 0.606977 0.194565 3 4 0
0.298729 0.607475 0.194973 3 4 0
0.30029 0.607976 0.195334 3 4 0
0.301855 0.608472 0.195699 3 4 0
0.303422 0.608964 0.196108 3 4 0
0.304992 0.609455 0.196475 3 4 0
0.306566 0.609941 0.196845 3 4 0
0.308142 0.610433 0.197238 3 4 0
0.309721 0.610918 0.197612 3 4 0
0.311303 0.611398 0.197991 3 4 0
0.312888 0.611887 0.198386 3 4 0
0.314476 0.612369 0.19877 3 4 0
0.316067 0.612845 0.199157 3 4 0
0.31766 0.613324 0.199554 3 4 0
0.319257 0.613803 0.199946 3 4 0
0.320856 0.614277 0.200343 3 4 0
0.322458 0.614741 0.200743 3 4 0
0.324062 0.615219 0.201146 3 4 0
0.32567 0.615692 0.201553 3 4 0
0.32728 0.616143 0.201964 3 4 0
0.328893 0.616618 0.202378 3 4 0
0.330508 0.617089 0.202796 3 4 0
0.332127 0.617521 0.203197 3 4 0
0.333747 0.617996 0.203601 3 4 0
0.335371 0.618465 0.204009 3 4 0
0.336997 0.618906 0.204422 3 4 0
0.338626 0.619373 0.204836 3 4 0
0.340257 0.619835 0.205253 3 4 0
0.341891 0.620265 0.205673 3 4 0
0.343528 0.620713 0.206093 3 4 0
0.345167 0.621174 0.206516 3 4 0
0.346808 0.621637 0.206939 3 4 0
0.348452 0.622077 0.207363 3 4 0
0.350099 0.622512 0.207791 3 4 0
0.351748 0.622952 0.208221 3 4 0
0.353399 0.623399 0.208654 3 4 0
0.355053 0.623841 0.209091 3 4 0
0.356709 0.624275 0.209524 3 4 0
0.358368 0.624711 0.20995 3 4 0
0.360029 0.625142 0.21038 3 4 0
0.361692 0.625552 0.210818 3 4 0
0.363358 0.625966 0.211251 3 4 0
0.365026 0.626401 0.211687 3 4 0
0.366696 0.626831 0.212128 3 4 0
0.368369 0.627262 0.212567 3 4 0
0.370044 0.627688 0.213008 3 4 0
0.371721 0.628081 0.213459 3 4 0
0.3734 0.628491 0.213909 3 4 0
0.375082 0.628918 0.214362 3 4 0
0.376765 0.629349 0.214791 3 4 0
0.378451 0.62976 0.215242 3 4 0
0.38014 0.630165 0.215697 3 4 0
0.38183 0.630549 0.21614 3 4 0
0.383522 0.630963 0.216596 3 4 0
0.385217 0.631372 0.217055 3 4 0
0.386914 0.631777 0.217499 3 4 0
0.388612 0.632175 0.217959 3 4 0
0.390313 0.632569 0.218422 3 4 0
0.392016 0.632952 0.218876 3 4 0
0.393721 0.63335 0.219342 3 4 0
0.395428 0.633743 0.219804 3 4 0
0.397136 0.634131 0.220261 3 4 0
0.398847 0.634514 0.220721 3 4 0
0.40056 0.634892 0.221173 3 4 0
0.402275 0.63527 0.221632 3 4 0
0.403992 0.635653 0.222089 3 4 0
0.40571 0.636032 0.222548 3 4 0
0.407431 0.636399 0.223008 3 4 0
0.409153 0.636776 0.223472 3 4 0
0.410877 0.637147 0.223938 3 4 0
0.412604 0.637514 0.224409 3 4 0
0.414332 0.637878 0.224881 3 4 0
0.416061 0.638237 0.225356 3 4 0
0.417793 0.638594 0.225828 3 4 0
0.419526 0.638944 0.226305 3 4 0
0.421262 0.639288 0.226784 3 4 0
0.422999 0.639669 0.227238 3 4 0
0.424737 0.640018 0.227717 3 4 0
0.426478 0.640363 0.228197 3 4 0
0.42822 0.640714 0.228664 3 4 0
0.429964 0.641059 0.229146 3 4 0
0.431709 0.6414 0.229629 3 4 0
0.433456 0.641725 0.230102 3 4 0
0.435205 0.64207 0.230587 3 4 0
0.436956 0.64241 0.23107 3 4 0
0.438708 0.642706 0.231548 3 4 0
0.440461 0.643049 0.232028 3 4 0
0.442217 0.643386 0.232502 3 4 0
0.443974 0.643709 0.232992 3 4 0
0.445732 0.64402 0.233467 3 4 0
0.447492 0.644327 0.233944 3 4 0
0.449254 0.644647 0.234423 3 4 0
0.451017 0.644975 0.234904 3 4 0
0.452781 0.645298 0.235386 3 4 0
0.454548 0.645585 0.23587 3 4 0
0.456315 0.645906 0.236356 3 4 0
0.458084 0.646221 0.236843 3 4 0
0.459855 0.646501 0.237333 3 4 0
0.461627 0.646803 0.237824 3 4 0
0.4634 0.647113 0.238316 3 4 0
0.465175 0.647408 0.238813 3 4 0
0.466951 0.647688 0.239309 3 4 0
0.468729 0.647974 0.239807 3 4 0
0.470508 0.648301 0.240284 3 4 0
0.472288 0.648582 0.240772 3 4 0
0.47407 0.648859 0.241261 3 4 0
0.475853 0.649134 0.241759 3 4 0
0.477638 0.649402 0.242257 3 4 0
0.479424 0.649664 0.242756 3 4 0
0.481211 0.649966 0.243233 3 4 0
0.482999 0.650231 0.24373 3 4 0
0.484789 0.650491 0.244228 3 4 0
0.48658 0.650764 0.244722 3 4 0
0.488372 0.651022 0.245222 3 4 0
0.490165 0.651275 0.245722 3 4 0
0.49196 0.651536 0.246221 3 4 0
0.493756 0.651789 0.246724 3 4 0
0.495553 0.652036 0.247228 3 4 0
0.497351 0.652282 0.24773 3 4 0
0.499151 0.652528 0.248236 3 4 0
0.500952 0.652768 0.248743 3 4 0
0.502754 0.652993 0.24924 3 4 0
0.504557 0.653235 0.249735 3 4 0
0.506361 0.653471 0.250231 3 4 0
0.508166 0.653674 0.250727 3 4 0
0.509973 0.65391 0.251226 3 4 0
0.51178 0.654142 0.251726 3 4 0
0.513589 0.65435 0.252226 3 4 0
0.515399 0.654576 0.252729 3 4 0
0.51721 0.654797 0.253232 3 4 0
0.519022 0.654982 0.253737 3 4 0
0.520835 0.655202 0.254243 3 4 0
0.522649 0.655417 0.254751 3 4 0
0.524464 0.65559 0.255264 3 4 0
0.52628 0.655802 0.255775 3 4 0
0.528097 0.656009 0.256286 3 4 0
0.529915 0.656185 0.256779 3 4 0
0.531734 0.656387 0.257284 3 4 0
0.533555 0.656584 0.257791 3 4 0
0.535376 0.656754 0.2583 3 4 0
0.537198 0.656945 0.258807 3 4 0
0.539021 0.657131 0.259316 3 4 0
0.540845 0.657292 0.259826 3 4 0
0.54267 0.657474 0.260335 3 4 0
0.544496 0.65765 0.260845 3 4 0
0.546323 0.657794 0.261355 3 4 0
0.548151 0.657967 0.261866 3 4 0
0.549979 0.658134 0.262377 3 4 0
0.551809 0.658274 0.262889 3 4 0
0.553639 0.658415 0.263403 3 4 0
0.555471 0.658561 0.263917 3 4 0
0.557303 0.658749 0.264433 3 4 0
0.559136 0.658889 0.264949 3 4 0
0.56097 0.659024 0.265465 3 4 0
0.562805 0.659164 0.265986 3 4 0
0.564641 0.6593 0.266505 3 4 0
0.566477 0.65943 0.267016 3 4 0
0.568314 0.659553 0.267517 3 4 0
0.570153 0.659672 0.268029 3 4 0
0.571991 0.659786 0.268541 3 4 0
0.573831 0.659913 0.26905 3 4 0
0.575672 0.660024 0.269565 3 4 0
0.577513 0.660129 0.270081 3 4 0
0.579355 0.660219 0.270611 3 4 0
0.581198 0.660329 0.271131 3 4 0
0.583041 0.660433 0.271652 3 4 0
0.584886 0.660513 0.272171 3 4 0
0.586731 0.660612 0.272692 3 4 0
0.588577 0.660705 0.273207 3 4 0
0.590423 0.660769 0.273714 3 4 0
0.59227 0.660859 0.274229 3 4 0
0.594118 0.660943 0.274743 3 4 0
0.595967 0.661005 0.275276 3 4 0
0.597816 0.661083 0.27579 3 4 0
0.599666 0.661154 0.276305 3 4 0
0.601517 0.661208 0.276829 3 4 0
0.603369 0.661273 0.277344 3 4 0
0.605221 0.661332 0.27786 3 4 0
0.607073 0.661374 0.278382 3 4 0
0.608927 0.661427 0.278899 3 4 0
0.610781 0.661475 0.279416 3 4 0
0.612635 0.661512 0.279938 3 4 0
0.61449 0.661552 0.280456 3 4 0
0.616346 0.661585 0.280975 3 4 0
0.618203 0.661586 0.281494 3 4 0
0.62006 0.661619 0.282014 3 4 0
0.621918 0.661646 0.282534 3 4 0
0.623776 0.661635 0.283055 3 4 0
0.625635 0.661647 0.283576 3 4 0
0.627494 0.661666 0.284098 3 4 0
0.629354 0.661676 0.28462 3 4 0
0.631214 0.661667 0.285143 3 4 0
0.633076 0.661652 0.285667 3 4 0
0.634937 0.661673 0.286193 3 4 0
0.636799 0.661654 0.286718 3 4 0
0.638662 0.661629 0.287243 3 4 0
0.640525 0.661634 0.287777 3 4 0
0.642389 0.661605 0.288304 3 4 0
0.644253 0.661571 0.288827 3 4 0
0.646118 0.661554 0.289332 3 4 0
0.647983 0.661516 0.289855 3 4 0
0.649849 0.661471 0.290379 3 4 0
0.651715 0.66142 0.290904 3 4 0
0.653582 0.661375 0.291429 3 4 0
0.655449 0.661325 0.291954 3 4 0
0.657316 0.661266 0.292481 3 4 0
0.659184 0.661206 0.293006 3 4 0
0.661053 0.66114 0.29353 3 4 0
0.662922 0.661062 0.29406 3 4 0
0.664791 0.660982 0.294585 3 4 0
0.666661 0.660895 0.29511 3 4 0
0.668531 0.660827 0.295636 3 4 0
0.670402 0.660739 0.296162 3 4 0
0.672273 0.660646 0.296688 3 4 0
0.674144 0.660533 0.297216 3 4 0
0.676016 0.660436 0.297743 3 4 0
0.677888 0.660333 0.298269 3 4 0
0.679761 0.660226 0.298798 3 4 0
0.681634 0.66011 0.299325 3 4 0
0.683507 0.659988 0.299852 3 4 0
0.685381 0.659859 0.30038 3 4 0
0.687254 0.659724 0.300908 3 4 0
0.689129 0.659584 0.301436 3 4 0
0.691003 0.659457 0.301964 3 4 0
0.692878 0.65931 0.302493 3 4 0
0.694754 0.659158 0.303022 3 4 0
0.696629 0.659008 0.30355 3 4 0
0.698505 0.658848 0.30408 3 4 0
0.700381 0.658682 0.304609 3 4 0
0.702258 0.658511 0.305139 3 4 0
0.704134 0.65834 0.305669 3 4 0
0.706012 0.658162 0.306199 3 4 0
0.707889 0.657969 0.306729 3 4 0
0.709766 0.657784 0.30726 3 4 0
0.711644 0.657593 0.307791 3 4 0
0.713522 0.657392 0.308323 3 4 0
0.7154 0.657184 0.308855 3 4 0
0.717279 0.65697 0.309387 3 4 0
0.719158 0.656767 0.309921 3 4 0
0.721036 0.656546 0.310454 3 4 0
0.722916 0.656319 0.310987 3 4 0
0.724795 0.656091 0.311521 3 4 0
0.726674 0.655856 0.312051 3 4 0
0.728554 0.655616 0.312581 3 4 0
0.730434 0.655369 0.313105 3 4 0
0.732314 0.655118 0.313636 3 4 0
0.734194 0.654861 0.314168 3 4 0
0.736074 0.654596 0.314701 3 4 0
0.737955 0.65433 0.315233 3 4 0
0.739835 0.654058 0.315765 3 4 0
0.741716 0.653773 0.316301 3 4 0
0.743597 0.653485 0.316833 3 4 0
0.745478 0.65319 0.317366 3 4 0
0.747359 0.652894 0.317902 3 4 0
0.74924 0.652587 0.318435 3 4 0
0.751121 0.652273 0.318968 3 4 0
0.753002 0.651973 0.319504 3 4 0
0.754883 0.651649 0.320037 3 4 0
0.756765 0.651318 0.320571 3 4 0
0.758646 0.650992 0.321106 3 4 0
0.760527 0.650656 0.32164 3 4 0
0.762409 0.650322 0.322174 3 4 0
0.76429 0.649975 0.32271 3 4 0
0.766172 0.649628 0.323245 3 4 0
0.768053 0.649274 0.32378 3 4 0
0.769934 0.648919 0.324317 3 4 0
0.771816 0.648549 0.324852 3 4 0
0.773697 0.648173 0.325388 3 4 0
0.775578 0.64779 0.325925 3 4 0
0.77746 0.647401 0.326461 3 4 0
0.779341 0.647006 0.326998 3 4 0
0.781222 0.646594 0.327535 3 4 0
0.783103 0.646182 0.328073 3 4 0
0.784984 0.645764 0.32861 3 4 0
0.786864 0.645345 0.329149 3 4 0
0.788745 0.644925 0.329687 3 4 0
0.790625 0.644498 0.330226 3 4 0
0.792506 0.644064 0.330765 3 4 0
0.794386 0.643622 0.331304 3 4 0
0.796266 0.643173 0.331843 3 4 0
0.798146 0.642704 0.332384 3 4 0
0.800025 0.642245 0.332925 3 4 0
0.801905 0.641778 0.333465 3 4 0
0.803784 0.6413 0.334007 3 4 0
0.805663 0.64082 0.334548 3 4 0
0.807541 0.640333 0.33509 3 4 0
0.80942 0.639832 0.335634 3 4 0
0.811298 0.639332 0.336176 3 4 0
0.813176 0.638825 0.336719 3 4 0
0.815053 0.638311 0.337255 3 4 0
0.816931 0.637788 0.337796 3 4 0
0.818807 0.637258 0.338337 3 4 0
0.820684 0.636712 0.338876 3 4 0
0.82256 0.636172 0.339418 3 4 0
0.824436 0.635626 0.339961 3 4 0
0.826311 0.635064 0.340509 3 4 0
0.828186 0.634504 0.341052 3 4 0
0.830061 0.633937 0.341596 3 4 0
0.831935 0.633364 0.342144 3 4 0
0.833809 0.632779 0.342688 3 4 0
0.835682 0.632187 0.343232 3 4 0
0.837555 0.631586 0.343779 3 4 0
0.839427 0.630978 0.344324 3 4 0
0.841298 0.630363 0.344869 3 4 0
0.84317 0.629756 0.345416 3 4 0
0.84504 0.62913 0.345962 3 4 0
0.84691 0.628497 0.346509 3 4 0
0.848779 0.627842 0.347056 3 4 0
0.850648 0.627199 0.347604 3 4 0
0.852516 0.626548 0.348152 3 4 0
0.854384 0.625894 0.348701 3 4 0
0.856251 0.625224 0.34925 3 4 0
0.858117 0.624547 0.349799 3 4 0
0.859982 0.623866 0.350351 3 4 0
0.861846 0.623177 0.350901 3 4 0
0.86371 0.622479 0.351452 3 4 0
0.865573 0.621774 0.352003 3 4 0
0.867435 0.621062 0.352555 3 4 0
0.869297 0.620343 0.353107 3 4 0
0.871157 0.619601 0.353659 3 4 0
0.873017 0.618871 0.354212 3 4 0
0.874876 0.618132 0.354766 3 4 0
0.876733 0.617391 0.355319 3 4 0
0.87859 0.616635 0.355874 3 4 0
0.880446 0.615872 0.356429 3 4 0
0.882301 0.6151 0.356985 3 4 0
0.884154 0.614322 0.357541 3 4 0
0.886007 0.613536 0.358098 3 4 0
0.887858 0.612742 0.358656 3 4 0
0.889709 0.611942 0.359214 3 4 0
0.891558 0.611134 0.359773 3 4 0
0.893406 0.610317 0.360333 3 4 0
0.895253 0.609493 0.360893 3 4 0
0.897098 0.608661 0.361454 3 4 0
0.898942 0.607823 0.362017 3 4 0
0.900785 0.606977 0.362579 3 4 0
0.902627 0.606122 0.363142 3 4 0
0.904467 0.605266 0.363704 3 4 0
0.906305 0.604398 0.364268 3 4 0
0.908142 0.603522 0.364833 3 4 0
0.909978 0.602639 0.365398 3 4 0
0.911812 0.601748 0.365965 3 4 0
0.913644 0.60085 0.366532 3 4 0
0.915475 0.599944 0.3671 3 4 0
0.917304 0.599031 0.36767 3 4 0
0.919131 0.59811 0.36824 3 4 0
0.920957 0.597181 0.368811 3 4 0
0.92278 0.596245 0.369383 3 4 0
0.924602 0.595301 0.369956 3 4 0
0.926422 0.594344 0.37053 3 4 0
0.92824 0.593384 0.371105 3 4 0
0.930056 0.592418 0.371681 3 4 0
0.931869 0.591458 0.372257 3 4 0
0.933681 0.590478 0.372836 3 4 0
0.93549 0.58949 0.373415 3 4 0
0.937297 0.588493 0.373995 3 4 0
0.939102 0.587491 0.374577 3 4 0
0.940904 0.586481 0.37516 3 4 0
0.942704 0.585466 0.375742 3 4 0
0.944501 0.584441 0.376328 3 4 0
0.946296 0.58341 0.376914 3 4 0
0.948088 0.58237 0.377501 3 4 0
0.949878 0.581324 0.37809 3 4 0
0.951664 0.580271 0.378681 3 4 0
0.953448 0.579214 0.379272 3 4 0
0.955229 0.578148 0.379865 3 4 0
0.957006 0.577075 0.38046 3 4 0
0.958781 0.575991 0.381057 3 4 0
0.960552 0.574903 0.381655 3 4 0
0.96232 0.573808 0.382255 3 4 0
0.964085 0.572707 0.382854 3 4 0
0.965846 0.571598 0.383457 3 4 0
0.967604 0.570483 0.384062 3 4 0
0.969357 0.569365 0.384666 3 4 0
0.971107 0.568236 0.385275 3 4 0
0.972854 0.567101 0.385885 3 4 0
0.974596 0.565951 0.386496 3 4 0
0.976334 0.564802 0.387111 3 4 0
0.978068 0.563647 0.387728 3 4 0
0.979797 0.562483 0.388341 3 4 0
0.981522 0.561315 0.388962 3 4 0
0.983242 0.560141 0.389585 3 4 0
0.984958 0.558966 0.390215 3 4 0
0.986669 0.557779 0.390842 3 4 0
0.988374 0.556586 0.39147 3 4 0
0.990075 0.555384 0.392097 3 4 0
0.99177 0.554178 0.39273 3 4 0
0.993459 0.552967 0.393367 3 4 0
0.995143 0.551749 0.394006 3 4 0
0.996821 0.550526 0.394649 3 4 0
0.998494 0.549298 0.395295 3 4 0
1.00016 0.54807 0.395947 3 4 0
1.00182 0.54683 0.3966 3 4 0
1.00347 0.545584 0.397256 3 4 0
1.00512 0.544335 0.397913 3 4 0
1.00676 0.543078 0.398576 3 4 0
1.00839 0.541815 0.399242 3 4 0
1.01001 0.54055 0.399912 3 4 0
1.01163 0.539277 0.400583 3 4 0
1.01324 0.537999 0.401259 3 4 0
1.01484 0.536714 0.401939 3 4 0
1.01643 0.535427 0.402623 3 4 0
1.01802 0.534134 0.403311 3 4 0
1.01959 0.532832 0.404006 3 4 0
1.02116 0.53153 0.404703 3 4 0
1.02271 0.530223 0.405404 3 4 0
1.02426 0.528908 0.406113 3 4 0
1.02579 0.527591 0.406824 3 4 0
1.02732 0.526269 0.407541 3 4 0
1.02883 0.52495 0.408264 3 4 0
1.03033 0.52362 0.408992 3 4 0
1.03182 0.522286 0.409727 3 4 0
1.0333 0.52095 0.410467 3 4 0
1.03477 0.519609 0.411214 3 4 0
1.03622 0.518263 0.411968 3 4 0
1.03766 0.516911 0.412724 3 4 0
1.03908 0.515558 0.41349 3 4 0
1.04049 0.514202 0.414263 3 4 0
1.04189 0.512842 0.415042 3 4 0
1.04327 0.511478 0.41583 3 4 0
1.04463 0.510111 0.416626 3 4 0
1.04598 0.508741 0.417426 3 4 0
1.04731 0.507368 0.418237 3 4 0
1.04862 0.505992 0.419057 3 4 0
1.04991 0.50461 0.419885 3 4 0
1.05119 0.50323 0.420723 3 4 0
1.05244 0.501847 0.42157 3 4 0
1.05367 0.500461 0.422422 3 4 0
1.05488 0.499072 0.423287 3 4 0
1.05607 0.497681 0.424163 3 4 0
1.05723 0.49629 0.425049 3 4 0
1.05837 0.494896 0.425945 3 4 0
1.05949 0.493501 0.426854 3 4 0
1.06057 0.492102 0.427774 3 4 0
1.06164 0.490705 0.428704 3 4 0
1.06267 0.489308 0.429646 3 4 0
1.06367 0.48791 0.430601 3 4 0
1.06464 0.486511 0.431569 3 4 0
1.06559 0.485112 0.43255 3 4 0
1.06649 0.483716 0.433543 3 4 0
1.06737 0.482319 0.43455 3 4 0
1.06821 0.480923 0.43557 3 4 0
1.06901 0.47953 0.436605 3 4 0
1.06978 0.478138 0.437654 3 4 0
1.07051 0.476749 0.438718 3 4 0
1.0712 0.475361 0.439793 3 4 0
1.07184 0.473979 0.440884 3 4 0
1.07245 0.472601 0.441991 3 4 0
1.07301 0.471227 0.443111 3 4 0
1.07353 0.469858 0.444247 3 4 0
1.074 0.468494 0.445397 3 4 0
1.07442 0.467137 0.446561 3 4 0
1.0748 0.465787 0.44774 3 4 0
1.07513 0.464444 0.448934 3 4 0
1.07542 0.463109 0.45014 3 4 0
1.07565 0.461784 0.451361 3 4 0
1.07583 0.460467 0.452595 3 4 0
1.07596 0.45916 0.453842 3 4 0
1.07604 0.457864 0.455102 3 4 0
1.07607 0.456579 0.456374 4 4 0
1.07607 0.456727 0.456226 3 4 0
1.07603 0.458013 0.454956 3 4 0
1.07595 0.45931 0.453698 3 4 0
1.07581 0.460618 0.452452 3 4 0
1.07562 0.461936 0.45122 3 4 0
1.07539 0.463263 0.450001 3 4 0
1.0751 0.464598 0.448795 3 4 0
1.07476 0.465942 0.447604 3 4 0
1.07438 0.467294 0.446427 3 4 0
1.07395 0.468652 0.445263 3 4 0
1.07347 0.470016 0.444115 3 4 0
1.07295 0.471385 0.442982 3 4 0
1.07238 0.47276 0.441862 3 4 0
1.07177 0.474139 0.440757 3 4 0
1.07112 0.475523 0.439668 3 4 0
1.07043 0.476909 0.438592 3 4 0
1.06969 0.478299 0.437531 3 4 0
1.06892 0.479691 0.436485 3 4 0
1.06811 0.481085 0.435451 3 4 0
1.06727 0.482481 0.434433 3 4 0
1.06639 0.483878 0.433428 3 4 0
1.06548 0.485274 0.432442 3 4 0
1.06453 0.486672 0.431464 3 4 0
1.06356 0.488071 0.430496 3 4 0
1.06255 0.48947 0.429537 3 4 0
1.06151 0.490868 0.428596 3 4 0
1.06045 0.492266 0.427668 3 4 0
1.05936 0.493661 0.426752 3 4 0
1.05824 0.495057 0.425845 3 4 0
1.0571 0.496451 0.424948 3 4 0
1.05593 0.497843 0.424062 3 4 0
1.05474 0.499233 0.423188 3 4 0
1.05353 0.500621 0.422325 3 4 0
1.05229 0.502008 0.42147 3 4 0
1.05104 0.503392 0.420626 3 4 0
1.04976 0.504773 0.419792 3 4 0
1.04847 0.506151 0.418965 3 4 0
1.04716 0.507527 0.418146 3 4 0
1.04582 0.508899 0.417334 3 4 0
1.04448 0.510266 0.416531 3 4 0
1.04311 0.511634 0.415738 3 4 0
1.04173 0.512998 0.414953 3 4 0
1.04033 0.514358 0.414172 3 4 0
1.03892 0.515715 0.413401 3 4 0
1.03749 0.517069 0.412637 3 4 0
1.03605 0.518418 0.411878 3 4 0
1.0346 0.519764 0.411126 3 4 0
1.03313 0.521105 0.41038 3 4 0
1.03165 0.52244 0.409648 3 4 0
1.03016 0.523773 0.408913 3 4 0
1.02865 0.525101 0.408184 3 4 0
1.02714 0.526429 0.407463 3 4 0
1.02561 0.52775 0.406744 3 4 0
1.02408 0.529066 0.406031 3 4 0
1.02253 0.530373 0.405322 3 4 0
1.02097 0.53168 0.40462 3 4 0
1.01941 0.532983 0.403923 3 4 0
1.01783 0.534284 0.403229 3 4 0
1.01625 0.535577 0.402541 3 4 0
1.01465 0.536865 0.401857 3 4 0
1.01305 0.538142 0.401177 3 4 0
1.01144 0.53942 0.4005 3 4 0
1.00983 0.540693 0.399828 3 4 0
1.0082 0.541963 0.399161 3 4 0
1.00657 0.543225 0.398495 3 4 0
1.00493 0.544481 0.397833 3 4 0
1.00328 0.545731 0.397183 3 4 0
1.00163 0.546976 0.396528 3 4 0
0.999967 0.548216 0.395875 3 4 0
0.9983 0.549451 0.395223 3 4 0
0.996627 0.550679 0.394578 3 4 0
0.994948 0.551902 0.393937 3 4 0
0.993264 0.553116 0.393293 3 4 0
0.991574 0.554327 0.392657 3 4 0
0.989878 0.555532 0.392024 3 4 0
0.988177 0.556731 0.391389 3 4 0
0.986471 0.557924 0.39076 3 4 0
0.984759 0.55911 0.390133 3 4 0
0.983043 0.560289 0.389512 3 4 0
0.981322 0.561463 0.388891 3 4 0
0.979597 0.56263 0.388272 3 4 0
0.977867 0.56379 0.387657 3 4 0
0.976133 0.564944 0.387042 3 4 0
0.974394 0.566092 0.38643 3 4 0
0.972651 0.567229 0.385818 3 4 0
0.970905 0.568364 0.385209 3 4 0
0.969154 0.569491 0.384601 3 4 0
0.9674 0.570603 0.383996 3 4 0
0.965642 0.571718 0.383392 3 4 0
0.96388 0.572826 0.382788 3 4 0
0.962115 0.573937 0.382188 3 4 0
0.960347 0.575031 0.38159 3 4 0
0.958575 0.576119 0.380993 3 4 0
0.9568 0.577201 0.380394 3 4 0
0.955022 0.578274 0.379799 3 4 0
0.953241 0.57934 0.379206 3 4 0
0.951457 0.580398 0.378609 3 4 0
0.94967 0.581449 0.378019 3 4 0
0.947881 0.582493 0.37743 3 4 0
0.946088 0.583523 0.376843 3 4 0
0.944293 0.584554 0.376257 3 4 0
0.942496 0.585578 0.375672 3 4 0
0.940695 0.586599 0.375092 3 4 0
0.938893 0.587608 0.374509 3 4 0
0.937088 0.58861 0.373928 3 4 0
0.93528 0.589604 0.373347 3 4 0
0.933471 0.590591 0.372768 3 4 0
0.931659 0.591571 0.37219 3 4 0
0.929845 0.592541 0.371615 3 4 0
0.928029 0.593506 0.371039 3 4 0
0.926211 0.594463 0.370464 3 4 0
0.924391 0.595401 0.36989 3 4 0
0.922569 0.596344 0.369317 3 4 0
0.920745 0.597281 0.368745 3 4 0
0.918919 0.598214 0.368179 3 4 0
0.917092 0.599135 0.367609 3 4 0
0.915263 0.600048 0.36704 3 4 0
0.913432 0.600952 0.366477 3 4 0
0.911599 0.60185 0.36591 3 4 0
0.909765 0.602741 0.365343 3 4 0
0.907929 0.603622 0.364772 3 4 0
0.906092 0.604498 0.364207 3 4 0
0.904253 0.605366 0.363642 3 4 0
0.902413 0.606225 0.363074 3 4 0
0.900572 0.607078 0.362511 3 4 0
0.898729 0.607923 0.361949 3 4 0
0.896884 0.608761 0.361388 3 4 0
0.895039 0.60959 0.360827 3 4 0
0.893192 0.610413 0.360267 3 4 0
0.891344 0.611215 0.359714 3 4 0
0.889494 0.612025 0.359155 3 4 0
0.887644 0.612828 0.358597 3 4 0
0.885792 0.613624 0.358034 3 4 0
0.883939 0.614407 0.357477 3 4 0
0.882086 0.615183 0.35692 3 4 0
0.880231 0.615961 0.356366 3 4 0
0.878375 0.616723 0.355811 3 4 0
0.876518 0.617479 0.355256 3 4 0
0.87466 0.618227 0.354699 3 4 0
0.872801 0.618968 0.354145 3 4 0
0.870942 0.619701 0.353592 3 4 0
0.869081 0.620422 0.353037 3 4 0
0.86722 0.621142 0.352484 3 4 0
0.865357 0.621855 0.351933 3 4 0
0.863494 0.62255 0.351385 3 4 0
0.86163 0.62325 0.350834 3 4 0
0.859766 0.623942 0.350283 3 4 0
0.8579 0.624616 0.34974 3 4 0
0.856034 0.625294 0.34919 3 4 0
0.854167 0.625964 0.34864 3 4 0
0.8523 0.626621 0.34809 3 4 0
0.850432 0.627278 0.347541 3 4 0
0.848563 0.627926 0.346993 3 4 0
0.846693 0.628563 0.346449 3 4 0
0.844823 0.629197 0.345903 3 4 0
0.842953 0.629825 0.345357 3 4 0
0.841082 0.630439 0.344804 3 4 0
0.83921 0.631053 0.344259 3 4 0
0.837338 0.631659 0.343714 3 4 0
0.835465 0.632253 0.343163 3 4 0
0.833592 0.632845 0.342619 3 4 0
0.831718 0.633429 0.342075 3 4 0
0.829844 0.633997 0.341528 3 4 0
0.827969 0.63457 0.340984 3 4 0
0.826094 0.635135 0.34044 3 4 0
0.824219 0.635684 0.339897 3 4 0
0.822343 0.636236 0.339353 3 4 0
0.820466 0.63678 0.33881 3 4 0
0.81859 0.63732 0.338268 3 4 0
0.816713 0.637849 0.337726 3 4 0
0.814836 0.63837 0.337184 3 4 0
0.812958 0.638873 0.336641 3 4 0
0.81108 0.639377 0.3361 3 4 0
0.809202 0.639874 0.335559 3 4 0
0.807324 0.640387 0.335018 3 4 0
0.805445 0.640873 0.334478 3 4 0
0.803566 0.641352 0.333938 3 4 0
0.801687 0.641833 0.333397 3 4 0
