1.5 0.761279 0.761279 2 1 0
1.49803 0.760927 0.760927 1 1 0
1.49606 0.760576 0.760576 1 1 0
1.49409 0.760224 0.760224 1 1 0
1.49213 0.759872 0.759872 1 1 0
1.49016 0.75952 0.75952 1 1 0
1.48819 0.759168 0.759168 1 1 0
1.48622 0.758816 0.758816 1 1 0
1.48425 0.758463 0.758463 1 1 0
1.48228 0.758111 0.758111 1 1 0
1.48031 0.757758 0.757758 1 1 0
1.47835 0.757406 0.757406 1 1 0
1.47638 0.757053 0.757053 1 1 0
1.47441 0.756701 0.756701 1 1 0
1.47244 0.756348 0.756348 1 1 0
1.47047 0.755995 0.755995 1 1 0
1.4685 0.755642 0.755642 1 1 0
1.46653 0.755289 0.755289 1 1 0
1.46457 0.754935 0.754935 1 1 0
1.4626 0.754582 0.754582 1 1 0
1.46063 0.754229 0.754229 1 1 0
1.45866 0.753875 0.753875 1 1 0
1.45669 0.753521 0.753521 1 1 0
1.45472 0.753168 0.753168 1 1 0
1.45276 0.752814 0.752814 1 1 0
1.45079 0.75246 0.75246 1 1 0
1.44882 0.752106 0.752106 1 1 0
1.44685 0.751752 0.751752 1 1 0
1.44488 0.751398 0.751398 1 1 0
1.44291 0.751043 0.751043 1 1 0
1.44095 0.750689 0.750689 1 1 0
1.43898 0.750334 0.750334 1 1 0
1.43701 0.74998 0.74998 1 1 0
1.43504 0.749625 0.749625 1 1 0
1.43307 0.74927 0.74927 1 1 0
1.43111 0.748915 0.748915 1 1 0
1.42914 0.74856 0.74856 1 1 0
1.42717 0.748205 0.748205 1 1 0
1.4252 0.74785 0.74785 1 1 0
1.42323 0.747494 0.747494 1 1 0
1.42127 0.747139 0.747139 1 1 0
1.4193 0.746783 0.746783 1 1 0
1.41733 0.746427 0.746427 1 1 0
1.41536 0.746072 0.746072 1 1 0
1.41339 0.745716 0.745716 1 1 0
1.41143 0.74536 0.74536 1 1 0
1.40946 0.745003 0.745003 1 1 0
1.40749 0.744647 0.744647 1 1 0
1.40552 0.744291 0.744291 1 1 0
1.40356 0.743934 0.743934 1 1 0
1.40159 0.743577 0.743577 1 1 0
1.39962 0.743221 0.743221 1 1 0
1.39765 0.742864 0.742864 1 1 0
1.39569 0.742507 0.742507 1 1 0
1.39372 0.74215 0.74215 1 1 0
1.39175 0.741792 0.741792 1 1 0
1.38978 0.741435 0.741435 1 1 0
1.38781 0.741078 0.741078 1 1 0
1.38585 0.74072 0.74072 1 1 0
1.38388 0.740362 0.740362 1 1 0
1.38191 0.740004 0.740004 1 1 0
1.37994 0.739646 0.739646 1 1 0
1.37798 0.739288 0.739288 1 1 0
1.37601 0.73893 0.73893 1 1 0
1.37404 0.738572 0.738572 1 1 0
1.37208 0.738213 0.738213 1 1 0
1.37011 0.737855 0.737855 1 1 0
1.36814 0.737496 0.737496 1 1 0
1.36617 0.737137 0.737137 1 1 0
1.36421 0.736778 0.736778 1 1 0
1.36224 0.736419 0.736419 1 1 0
1.36027 0.73606 0.73606 1 1 0
1.3583 0.7357 0.7357 1 1 0
1.35634 0.735341 0.735341 1 1 0
1.35437 0.734981 0.734981 1 1 0
1.3524 0.734621 0.734621 1 1 0
1.35044 0.734261 0.734261 1 1 0
1.34847 0.733901 0.733901 1 1 0
1.3465 0.733541 0.733541 1 1 0
1.34453 0.733181 0.733181 1 1 0
1.34257 0.73282 0.73282 1 1 0
1.3406 0.732459 0.732459 1 1 0
1.33863 0.732099 0.732099 1 1 0
1.33667 0.731738 0.731738 1 1 0
1.3347 0.731377 0.731377 1 1 0
1.33273 0.731015 0.731015 1 1 0
1.33077 0.730654 0.730654 1 1 0
1.3288 0.730293 0.730293 1 1 0
1.32683 0.729931 0.729931 1 1 0
1.32487 0.729569 0.729569 1 1 0
1.3229 0.729207 0.729207 1 1 0
1.32093 0.728845 0.728845 1 1 0
1.31897 0.728483 0.728483 1 1 0
1.317 0.72812 0.72812 1 1 0
1.31503 0.727758 0.727758 1 1 0
1.31307 0.727395 0.727395 1 1 0
1.3111 0.727032 0.727032 1 1 0
1.30913 0.726669 0.726669 1 1 0
1.30717 0.726306 0.726306 1 1 0
1.3052 0.725943 0.725943 1 1 0
1.30324 0.725579 0.725579 1 1 0
1.30127 0.725216 0.725216 1 1 0
1.2993 0.724852 0.724852 1 1 0
1.29734 0.724488 0.724488 1 1 0
1.29537 0.724124 0.724124 1 1 0
1.2934 0.723759 0.723759 1 1 0
1.29144 0.723395 0.723395 1 1 0
1.28947 0.72303 0.72303 1 1 0
1.28751 0.722665 0.722665 1 1 0
1.28554 0.7223 0.7223 1 1 0
1.28357 0.721935 0.721935 1 1 0
1.28161 0.72157 0.72157 1 1 0
1.27964 0.721205 0.721205 1 1 0
1.27768 0.720839 0.720839 1 1 0
1.27571 0.720473 0.720473 1 1 0
1.27374 0.720107 0.720107 1 1 0
1.27178 0.719741 0.719741 1 1 0
1.26981 0.719375 0.719375 1 1 0
1.26785 0.719008 0.719008 1 1 0
1.26588 0.718641 0.718641 1 1 0
1.26392 0.718274 0.718274 1 1 0
1.26195 0.717907 0.717907 1 1 0
1.25998 0.71754 0.71754 1 1 0
1.25802 0.717173 0.717173 1 1 0
1.25605 0.716805 0.716805 1 1 0
1.25409 0.716437 0.716437 1 1 0
1.25212 0.716069 0.716069 1 1 0
1.25016 0.715701 0.715701 1 1 0
1.24819 0.715333 0.715333 1 1 0
1.24623 0.714964 0.714964 1 1 0
1.24426 0.714595 0.714595 1 1 0
1.2423 0.714226 0.714226 1 1 0
1.24033 0.713857 0.713857 1 1 0
1.23837 0.713488 0.713488 1 1 0
1.2364 0.713118 0.713118 1 1 0
1.23444 0.712749 0.712749 1 1 0
1.23247 0.712379 0.712379 1 1 0
1.23051 0.712009 0.712009 1 1 0
1.22854 0.711638 0.711638 1 1 0
1.22658 0.711268 0.711268 1 1 0
1.22461 0.710897 0.710897 1 1 0
1.22265 0.710526 0.710526 1 1 0
1.22068 0.710155 0.710155 1 1 0
1.21872 0.709784 0.709784 1 1 0
1.21675 0.709412 0.709412 1 1 0
1.21479 0.70904 0.70904 1 1 0
1.21282 0.708668 0.708668 1 1 0
1.21086 0.708296 0.708296 1 1 0
1.20889 0.707924 0.707924 1 1 0
1.20693 0.707551 0.707551 1 1 0
1.20497 0.707178 0.707178 1 1 0
1.203 0.706805 0.706805 1 1 0
1.20104 0.706432 0.706432 1 1 0
1.19907 0.706058 0.706058 1 1 0
1.19711 0.705684 0.705684 1 1 0
1.19514 0.70531 0.70531 1 1 0
1.19318 0.704936 0.704936 1 1 0
1.19122 0.704562 0.704562 1 1 0
1.18925 0.704187 0.704187 1 1 0
1.18729 0.703812 0.703812 1 1 0
1.18532 0.703437 0.703437 1 1 0
1.18336 0.703061 0.703061 1 1 0
1.1814 0.702686 0.702686 1 1 0
1.17943 0.70231 0.70231 1 1 0
1.17747 0.701934 0.701934 1 1 0
1.17551 0.701558 0.701558 1 1 0
1.17354 0.701181 0.701181 1 1 0
1.17158 0.700804 0.700804 1 1 0
1.16962 0.700427 0.700427 1 1 0
1.16765 0.70005 0.70005 1 1 0
1.16569 0.699672 0.699672 1 1 0
1.16373 0.699294 0.699294 1 1 0
1.16176 0.698916 0.698916 1 1 0
1.1598 0.698538 0.698538 1 1 0
1.15784 0.698159 0.698159 1 1 0
1.15587 0.69778 0.69778 1 1 0
1.15391 0.697401 0.697401 1 1 0
1.15195 0.697022 0.697022 1 1 0
1.14998 0.696642 0.696642 1 1 0
1.14802 0.696262 0.696262 1 1 0
1.14606 0.695882 0.695882 1 1 0
1.1441 0.695501 0.695501 1 1 0
1.14213 0.695121 0.695121 1 1 0
1.14017 0.69474 0.69474 1 1 0
1.13821 0.694358 0.694358 1 1 0
1.13625 0.693977 0.693977 1 1 0
1.13428 0.693595 0.693595 1 1 0
1.13232 0.693213 0.693213 1 1 0
1.13036 0.69283 0.69283 1 1 0
1.1284 0.692448 0.692448 1 1 0
1.12644 0.692065 0.692065 1 1 0
1.12447 0.691681 0.691681 1 1 0
1.12251 0.691298 0.691298 1 1 0
1.12055 0.690914 0.690914 1 1 0
1.11859 0.69053 0.69053 1 1 0
1.11663 0.690145 0.690145 1 1 0
1.11466 0.68976 0.68976 1 1 0
1.1127 0.689375 0.689375 1 1 0
1.11074 0.68899 0.68899 1 1 0
1.10878 0.688604 0.688604 1 1 0
1.10682 0.688218 0.688218 1 1 0
1.10486 0.687832 0.687832 1 1 0
1.1029 0.687445 0.687445 1 1 0
1.10093 0.687058 0.687058 1 1 0
1.09897 0.686671 0.686671 1 1 0
1.09701 0.686283 0.686283 1 1 0
1.09505 0.685895 0.685895 1 1 0
1.09309 0.685507 0.685507 1 1 0
1.09113 0.685118 0.685118 1 1 0
1.08917 0.684729 0.684729 1 1 0
1.08721 0.68434 0.68434 1 1 0
1.08525 0.683951 0.683951 1 1 0
1.08329 0.683561 0.683561 1 1 0
1.08133 0.68317 0.68317 1 1 0
1.07937 0.68278 0.68278 1 1 0
1.07741 0.682389 0.682389 1 1 0
1.07545 0.681997 0.681997 1 1 0
1.07349 0.681606 0.681606 1 1 0
1.07153 0.681214 0.681214 1 1 0
1.06957 0.680821 0.680821 1 1 0
1.06761 0.680428 0.680428 1 1 0
1.06565 0.680035 0.680035 1 1 0
1.06369 0.679642 0.679642 1 1 0
1.06173 0.679248 0.679248 1 1 0
1.05977 0.678854 0.678854 1 1 0
1.05781 0.678459 0.678459 1 1 0
1.05585 0.678064 0.678064 1 1 0
1.05389 0.677669 0.677669 1 1 0
1.05193 0.677273 0.677273 1 1 0
1.04997 0.676877 0.676877 1 1 0
1.04801 0.67648 0.67648 1 1 0
1.04606 0.676083 0.676083 1 1 0
1.0441 0.675686 0.675686 1 1 0
1.04214 0.675288 0.675288 1 1 0
1.04018 0.67489 0.67489 1 1 0
1.03822 0.674491 0.674491 1 1 0
1.03626 0.674092 0.674092 1 1 0
1.0343 0.673693 0.673693 1 1 0
1.03235 0.673293 0.673293 1 1 0
1.03039 0.672893 0.672893 1 1 0
1.02843 0.672492 0.672492 1 1 0
1.02647 0.672091 0.672091 1 1 0
1.02452 0.67169 0.67169 1 1 0
1.02256 0.671288 0.671288 1 1 0
1.0206 0.670885 0.670885 1 1 0
1.01864 0.670482 0.670482 1 1 0
1.01669 0.670079 0.670079 1 1 0
1.01473 0.669675 0.669675 1 1 0
1.01277 0.669271 0.669271 1 1 0
1.01082 0.668867 0.668867 1 1 0
1.00886 0.668461 0.668461 1 1 0
1.0069 0.668056 0.668056 1 1 0
1.00495 0.66765 0.66765 1 1 0
1.00299 0.667243 0.667243 1 1 0
1.00103 0.666836 0.666836 1 1 0
0.999077 0.666429 0.666429 1 1 0
0.997121 0.666021 0.666021 1 1 0
0.995165 0.665613 0.665613 1 1 0
0.993209 0.665204 0.665204 1 1 0
0.991254 0.664794 0.664794 1 1 0
0.989298 0.664384 0.664384 1 1 0
0.987343 0.663974 0.663974 1 1 0
0.985388 0.663563 0.663563 1 1 0
0.983433 0.663152 0.663152 1 1 0
0.981478 0.66274 0.66274 1 1 0
0.979523 0.662327 0.662327 1 1 0
0.977568 0.661914 0.661914 1 1 0
0.975614 0.661501 0.661501 1 1 0
0.97366 0.661086 0.661086 1 1 0
0.971705 0.660672 0.660672 1 1 0
0.969751 0.660257 0.660257 1 1 0
0.967797 0.659841 0.659841 1 1 0
0.965844 0.659425 0.659425 1 1 0
0.96389 0.659008 0.659008 1 1 0
0.961937 0.65859 0.65859 1 1 0
0.959983 0.658173 0.658173 1 1 0
0.95803 0.657754 0.657754 1 1 0
0.956077 0.657335 0.657335 1 1 0
0.954124 0.656915 0.656915 1 1 0
0.952172 0.656495 0.656495 1 1 0
0.950219 0.656074 0.656074 1 1 0
0.948267 0.655653 0.655653 1 1 0
0.946315 0.65523 0.65523 1 1 0
0.944363 0.654808 0.654808 1 1 0
0.942411 0.654384 0.654384 1 1 0
0.940459 0.65396 0.65396 1 1 0
0.938508 0.653536 0.653536 1 1 0
0.936557 0.653111 0.653111 1 1 0
0.934606 0.652685 0.652685 1 1 0
0.932655 0.652258 0.652258 1 1 0
0.930704 0.651831 0.651831 1 1 0
0.928753 0.651403 0.651403 1 1 0
0.926803 0.650975 0.650975 1 1 0
0.924853 0.650546 0.650546 1 1 0
0.922903 0.650116 0.650116 1 1 0
0.920953 0.649685 0.649685 1 1 0
0.919004 0.649254 0.649254 1 1 0
0.917054 0.648822 0.648822 1 1 0
0.915105 0.64839 0.64839 1 1 0
0.913156 0.647956 0.647956 1 1 0
0.911208 0.647522 0.647522 1 1 0
0.909259 0.647088 0.647088 1 1 0
0.907311 0.646652 0.646652 1 1 0
0.905363 0.646216 0.646216 1 1 0
0.903415 0.645779 0.645779 1 1 0
0.901467 0.645341 0.645341 1 1 0
0.89952 0.644903 0.644903 1 1 0
0.897573 0.644464 0.644464 1 1 0
0.895626 0.644023 0.644023 1 1 0
0.893679 0.643583 0.643583 1 1 0
0.891733 0.643141 0.643141 1 1 0
0.889787 0.642699 0.642699 1 1 0
0.887841 0.642256 0.642256 1 1 0
0.885895 0.641812 0.641812 1 1 0
0.88395 0.641367 0.641367 1 1 0
0.882005 0.640921 0.640921 1 1 0
0.88006 0.640475 0.640475 1 1 0
0.878115 0.640027 0.640027 1 1 0
0.876171 0.639579 0.639579 1 1 0
0.874227 0.63913 0.63913 1 1 0
0.872283 0.63868 0.63868 1 1 0
0.870339 0.638229 0.638229 1 1 0
0.868396 0.637777 0.637777 1 1 0
0.866453 0.637325 0.637325 1 1 0
0.864511 0.636871 0.636871 1 1 0
0.862568 0.636417 0.636417 1 1 0
0.860626 0.635961 0.635961 1 1 0
0.858685 0.635505 0.635505 1 1 0
0.856743 0.635048 0.635048 1 1 0
0.854802 0.63459 0.63459 1 1 0
0.852861 0.634131 0.634131 1 1 0
0.850921 0.63367 0.63367 1 1 0
0.848981 0.633209 0.633209 1 1 0
0.847041 0.632747 0.632747 1 1 0
0.845102 0.632284 0.632284 1 1 0
0.843163 0.63182 0.63182 1 1 0
0.841224 0.631354 0.631354 1 1 0
0.839285 0.630888 0.630888 1 1 0
0.837347 0.630421 0.630421 1 1 0
0.83541 0.629952 0.629952 1 1 0
0.833473 0.629483 0.629483 1 1 0
0.831536 0.629012 0.629012 1 1 0
0.829599 0.628541 0.628541 1 1 0
0.827663 0.628068 0.628068 1 1 0
0.825728 0.627594 0.627594 1 1 0
0.823792 0.627119 0.627119 1 1 0
0.821858 0.626643 0.626643 1 1 0
0.819923 0.626165 0.626165 1 1 0
0.817989 0.625687 0.625687 1 1 0
0.816056 0.625207 0.625207 1 1 0
0.814123 0.624726 0.624726 1 1 0
0.81219 0.624244 0.624244 1 1 0
0.810258 0.623761 0.623761 1 1 0
0.808326 0.623276 0.623276 1 1 0
0.806395 0.62279 0.62279 1 1 0
0.804464 0.622303 0.622303 1 1 0
0.802534 0.621814 0.621814 1 1 0
0.800604 0.621325 0.621325 1 1 0
0.798675 0.620833 0.620833 1 1 0
0.796746 0.620341 0.620341 1 1 0
0.794818 0.619847 0.619847 1 1 0
0.79289 0.619352 0.619352 1 1 0
0.790963 0.618855 0.618855 1 1 0
0.789037 0.618357 0.618357 1 1 0
0.787111 0.617858 0.617858 1 1 0
0.785185 0.617357 0.617357 1 1 0
0.78326 0.616855 0.616855 1 1 0
0.781336 0.616351 0.616351 1 1 0
0.779413 0.615846 0.615846 1 1 0
0.77749 0.615339 0.615339 1 1 0
0.775567 0.614831 0.614831 1 1 0
0.773646 0.614321 0.614321 1 1 0
0.771725 0.61381 0.61381 1 1 0
0.769804 0.613297 0.613297 1 1 0
0.767885 0.612782 0.612782 1 1 0
0.765966 0.612266 0.612266 1 1 0
0.764048 0.611748 0.611748 1 1 0
0.76213 0.611229 0.611229 1 1 0
0.760213 0.610707 0.610707 1 1 0
0.758297 0.610184 0.610184 1 1 0
0.756382 0.60966 0.60966 1 1 0
0.754468 0.609133 0.609133 1 1 0
0.752554 0.608605 0.608605 1 1 0
0.750641 0.608075 0.608075 1 1 0
0.748729 0.607544 0.607544 1 1 0
0.746818 0.60701 0.60701 1 1 0
0.744908 0.606474 0.606474 1 1 0
0.742999 0.605937 0.605937 1 1 0
0.741091 0.605398 0.605398 1 1 0
0.739183 0.604857 0.604857 1 1 0
0.737277 0.604313 0.604313 1 1 0
0.735371 0.603768 0.603768 1 1 0
0.733467 0.603221 0.603221 1 1 0
0.731563 0.602672 0.602672 1 1 0
0.729661 0.602121 0.602121 1 1 0
0.727759 0.601567 0.601567 1 1 0
0.725859 0.601012 0.601012 1 1 0
0.72396 0.600454 0.600454 1 1 0
0.722062 0.599894 0.599894 1 1 0
0.720165 0.599332 0.599332 1 1 0
0.718269 0.598768 0.598768 1 1 0
0.716375 0.598201 0.598201 1 1 0
0.714482 0.597633 0.597633 1 1 0
0.71259 0.597061 0.597061 1 1 0
0.710699 0.596488 0.596488 1 1 0
0.70881 0.595912 0.595912 1 1 0
0.706922 0.595334 0.595334 1 1 0
0.705036 0.594753 0.594753 1 1 0
0.703151 0.59417 0.59417 1 1 0
0.701267 0.593584 0.593584 1 1 0
0.699385 0.592996 0.592996 1 1 0
0.697505 0.592405 0.592405 1 1 0
0.695626 0.591812 0.591812 1 1 0
0.693748 0.591215 0.591215 1 1 0
0.691873 0.590617 0.590617 1 1 0
0.689999 0.590015 0.590015 1 1 0
0.688127 0.589411 0.589411 1 1 0
0.686256 0.588804 0.588804 1 1 0
0.684388 0.588194 0.588194 1 1 0
0.682521 0.587582 0.587582 1 1 0
0.680657 0.586966 0.586966 1 1 0
0.678794 0.586348 0.586348 1 1 0
0.676933 0.585726 0.585726 1 1 0
0.675075 0.585102 0.585102 1 1 0
0.673219 0.584474 0.584474 1 1 0
0.671364 0.583844 0.583844 1 1 0
0.669512 0.58321 0.58321 1 1 0
0.667663 0.582574 0.582574 1 1 0
0.665816 0.581934 0.581934 1 1 0
0.663971 0.581291 0.581291 1 1 0
0.662129 0.580645 0.580645 1 1 0
0.660289 0.579995 0.579995 1 1 0
0.658452 0.579343 0.579343 1 1 0
0.656618 0.578686 0.578686 1 1 0
0.654786 0.578027 0.578027 1 1 0
0.652958 0.577364 0.577364 1 1 0
0.651132 0.576698 0.576698 1 1 0
0.649309 0.576028 0.576028 1 1 0
0.64749 0.575355 0.575355 1 1 0
0.645673 0.574679 0.574679 1 1 0
0.64386 0.573999 0.573999 1 1 0
0.642051 0.573315 0.573315 1 1 0
0.640244 0.572628 0.572628 1 1 0
0.638441 0.571937 0.571937 1 1 0
0.636642 0.571243 0.571243 1 1 0
0.634847 0.570545 0.570545 1 1 0
0.633055 0.569843 0.569843 1 1 0
0.631267 0.569138 0.569138 1 1 0
0.629483 0.568429 0.568429 1 1 0
0.627703 0.567717 0.567717 1 1 0
0.625928 0.567001 0.567001 1 1 0
0.624157 0.566282 0.566282 1 1 0
0.62239 0.565558 0.565558 1 1 0
0.620627 0.564832 0.564832 1 1 0
0.618869 0.564101 0.564101 1 1 0
0.617116 0.563368 0.563368 1 1 0
0.615368 0.56263 0.56263 1 1 0
0.613624 0.561889 0.561889 1 1 0
0.611886 0.561145 0.561145 1 1 0
0.610152 0.560398 0.560398 1 1 0
0.608424 0.559647 0.559647 1 1 0
0.6067 0.558893 0.558893 1 1 0
0.604983 0.558135 0.558135 1 1 0
0.60327 0.557375 0.557375 1 1 0
0.601563 0.556611 0.556611 1 1 0
0.599862 0.555845 0.555845 1 1 0
0.598166 0.555076 0.555076 1 1 0
0.596476 0.554304 0.554304 1 1 0
0.594791 0.553529 0.553529 1 1 0
0.593112 0.552752 0.552752 1 1 0
0.591439 0.551973 0.551973 1 1 0
0.589772 0.551191 0.551191 1 1 0
0.588111 0.550407 0.550407 1 1 0
0.586456 0.549622 0.549622 1 1 0
0.584806 0.548834 0.548834 1 1 0
0.583162 0.548045 0.548045 1 1 0
0.581524 0.547255 0.547255 1 1 0
0.579892 0.546464 0.546464 1 1 0
0.578265 0.545671 0.545671 1 1 0
0.576644 0.544878 0.544878 1 1 0
0.575028 0.544084 0.544084 1 1 0
0.573418 0.54329 0.54329 1 1 0
0.571812 0.542496 0.542496 1 1 0
0.570212 0.541702 0.541702 1 1 0
0.568617 0.540908 0.540908 1 1 0
0.567027 0.540115 0.540115 1 1 0
0.565441 0.539323 0.539323 1 1 0
0.563859 0.538532 0.538532 1 1 0
0.562282 0.537743 0.537743 1 1 0
0.560708 0.536955 0.536955 1 1 0
0.559138 0.536169 0.536169 1 1 0
0.557572 0.535385 0.535385 1 1 0
0.556008 0.534604 0.534604 1 1 0
0.554447 0.533825 0.533825 1 1 0
0.552889 0.533049 0.533049 1 1 0
0.551333 0.532276 0.532276 1 1 0
0.549778 0.531507 0.531507 1 1 0
0.548225 0.530741 0.530741 1 1 0
0.546674 0.52998 0.52998 1 1 0
0.545123 0.529222 0.529222 1 1 0
0.543572 0.528469 0.528469 1 1 0
0.542022 0.52772 0.52772 1 1 0
0.540472 0.526976 0.526976 1 1 0
0.538921 0.526237 0.526237 1 1 0
0.537369 0.525503 0.525503 1 1 0
0.535816 0.524775 0.524775 1 1 0
0.534262 0.524052 0.524052 1 1 0
0.532706 0.523335 0.523335 1 1 0
0.531148 0.522623 0.522623 1 1 0
0.529587 0.521918 0.521918 1 1 0
0.528024 0.521219 0.521219 1 1 0
0.526458 0.520526 0.520526 1 1 0
0.524889 0.519839 0.519839 1 1 0
0.523316 0.519159 0.519159 1 1 0
0.52174 0.518485 0.518485 1 1 0
0.52016 0.517818 0.517818 1 1 0
0.518576 0.517157 0.517157 1 1 0
0.516988 0.516504 0.516504 1 1 0
0.515395 0.515857 0.515857 1 1 0
0.513798 0.515217 0.515217 1 1 0
0.512196 0.514584 0.514584 1 1 0
0.51059 0.513957 0.513957 1 1 0
0.508978 0.513338 0.513338 1 1 0
0.507362 0.512726 0.512726 1 1 0
0.505741 0.51212 0.51212 1 1 0
0.504114 0.511522 0.511522 1 1 0
0.502482 0.51093 0.51093 1 1 0
0.500846 0.510345 0.510345 1 1 0
0.499204 0.509767 0.509767 1 1 0
0.497556 0.509196 0.509196 1 1 0
0.495904 0.508632 0.508632 1 1 0
0.494246 0.508074 0.508074 1 1 0
0.492583 0.507523 0.507523 1 1 0
0.490914 0.506979 0.506979 1 1 0
0.489241 0.506441 0.506441 1 1 0
0.487562 0.50591 0.50591 1 1 0
0.485878 0.505385 0.505385 1 1 0
0.484189 0.504867 0.504867 1 1 0
0.482495 0.504355 0.504355 1 1 0
0.480796 0.503849 0.503849 1 1 0
0.479091 0.503349 0.503349 1 1 0
0.477382 0.502855 0.502855 1 1 0
0.475669 0.502367 0.502367 1 1 0
0.47395 0.501886 0.501886 1 1 0
0.472227 0.50141 0.50141 1 1 0
0.470499 0.500939 0.500939 1 1 0
0.468767 0.500474 0.500474 1 1 0
0.46703 0.500015 0.500015 1 1 0
0.465289 0.499562 0.499562 1 1 0
0.463543 0.499113 0.499113 1 1 0
0.461793 0.49867 0.49867 1 1 0
0.46004 0.498233 0.498233 1 1 0
0.458282 0.4978 0.4978 1 1 0
0.45652 0.497372 0.497372 1 1 0
0.454754 0.49695 0.49695 1 1 0
0.452984 0.496532 0.496532 1 1 0
0.45121 0.496119 0.496119 1 1 0
0.449433 0.495711 0.495711 1 1 0
0.447653 0.495307 0.495307 1 1 0
0.445868 0.494908 0.494908 1 1 0
0.44408 0.494513 0.494513 1 1 0
0.442289 0.494123 0.494123 1 1 0
0.440495 0.493737 0.493737 1 1 0
0.438697 0.493355 0.493355 1 1 0
0.436896 0.492977 0.492977 1 1 0
0.435093 0.492603 0.492603 2 1 0
0.433286 0.492234 0.492234 2 1 0
0.431476 0.491868 0.491868 2 1 0
0.429663 0.491506 0.491506 2 1 0
0.427847 0.491148 0.491148 2 1 0
0.426029 0.490794 0.490794 2 1 0
0.424208 0.490443 0.490443 2 1 0
0.422384 0.490096 0.490096 2 1 0
0.420558 0.489752 0.489752 2 1 0
0.418729 0.489412 0.489412 2 1 0
0.416898 0.489075 0.489075 2 1 0
0.415064 0.488741 0.488741 2 1 0
0.413228 0.488411 0.488411 2 1 0
0.41139 0.488084 0.488084 2 1 0
0.409549 0.48776 0.48776 2 1 0
0.407706 0.487439 0.487439 2 1 0
0.405862 0.487121 0.487121 2 1 0
0.404015 0.486806 0.486806 2 1 0
0.402165 0.486494 0.486494 2 1 0
0.400314 0.486185 0.486185 2 1 0
0.398461 0.485879 0.485879 2 1 0
0.396606 0.485575 0.485575 2 1 0
0.39475 0.485274 0.485274 2 1 0
0.392891 0.484976 0.484976 2 1 0
0.39103 0.48468 0.48468 2 1 0
0.389168 0.484387 0.484387 2 1 0
0.387304 0.484097 0.484097 2 1 0
0.385439 0.483809 0.483809 2 1 0
0.383571 0.483523 0.483523 2 1 0
0.381703 0.48324 0.48324 2 1 0
0.379832 0.482959 0.482959 2 1 0
0.37796 0.48268 0.48268 2 1 0
0.376087 0.482404 0.482404 2 1 0
0.374212 0.48213 0.48213 2 1 0
0.372336 0.481858 0.481858 2 1 0
0.370458 0.481588 0.481588 2 1 0
0.368579 0.48132 0.48132 2 1 0
0.366698 0.481054 0.481054 2 1 0
0.364816 0.480791 0.480791 2 1 0
0.362933 0.480529 0.480529 2 1 0
0.361049 0.480269 0.480269 2 1 0
0.359163 0.480012 0.480012 2 1 0
0.357277 0.479756 0.479756 2 1 0
0.355389 0.479502 0.479502 2 1 0
0.353499 0.47925 0.47925 2 1 0
0.351609 0.478999 0.478999 2 1 0
0.349718 0.478751 0.478751 2 1 0
0.347825 0.478504 0.478504 2 1 0
0.345932 0.478259 0.478259 2 1 0
0.344037 0.478015 0.478015 2 1 0
0.342142 0.477773 0.477773 2 1 0
0.340245 0.477533 0.477533 2 1 0
0.338347 0.477295 0.477295 2 1 0
0.336449 0.477058 0.477058 2 1 0
0.334549 0.476822 0.476822 2 1 0
0.332649 0.476588 0.476588 2 1 0
0.330747 0.476356 0.476356 2 1 0
0.328845 0.476125 0.476125 2 1 0
0.326942 0.475895 0.475895 2 1 0
0.325038 0.475667 0.475667 2 1 0
0.323133 0.475441 0.475441 2 1 0
0.321228 0.475215 0.475215 2 1 0
0.319321 0.474991 0.474991 2 1 0
0.317414 0.474769 0.474769 2 1 0
0.315506 0.474548 0.474548 2 1 0
0.313598 0.474328 0.474328 2 1 0
0.311688 0.474109 0.474109 2 1 0
0.309778 0.473891 0.473891 2 1 0
0.307867 0.473675 0.473675 2 1 0
0.305955 0.47346 0.47346 2 1 0
0.304043 0.473246 0.473246 2 1 0
0.30213 0.473034 0.473034 2 1 0
0.300217 0.472822 0.472822 2 1 0
0.298302 0.472612 0.472612 2 1 0
0.296387 0.472403 0.472403 2 1 0
0.294472 0.472195 0.472195 2 1 0
0.292556 0.471988 0.471988 2 1 0
0.290639 0.471782 0.471782 2 1 0
0.288722 0.471577 0.471577 2 1 0
0.286804 0.471373 0.471373 2 1 0
0.284886 0.47117 0.47117 2 1 0
0.282967 0.470969 0.470969 2 1 0
0.281047 0.470768 0.470768 2 1 0
0.279127 0.470568 0.470568 2 1 0
0.277206 0.470369 0.470369 2 1 0
0.275285 0.470171 0.470171 2 1 0
0.273364 0.469974 0.469974 2 1 0
0.271442 0.469778 0.469778 2 1 0
0.269519 0.469583 0.469583 2 1 0
0.267596 0.469389 0.469389 2 1 0
0.265672 0.469195 0.469195 2 1 0
0.263748 0.469003 0.469003 2 1 0
0.261824 0.468811 0.468811 2 1 0
0.259899 0.46862 0.46862 2 1 0
0.257974 0.46843 0.46843 2 1 0
0.256048 0.468241 0.468241 2 1 0
0.254122 0.468053 0.468053 2 1 0
0.252196 0.467865 0.467865 2 1 0
0.250269 0.467678 0.467678 2 1 0
0.248341 0.467492 0.467492 2 1 0
0.246414 0.467307 0.467307 2 1 0
0.244486 0.467122 0.467122 2 1 0
0.242557 0.466938 0.466938 2 1 0
0.240628 0.466755 0.466755 2 1 0
0.238699 0.466573 0.466573 2 1 0
0.23677 0.466391 0.466391 2 1 0
0.23484 0.46621 0.46621 2 1 0
0.23291 0.46603 0.46603 2 1 0
0.230979 0.46585 0.46585 2 1 0
0.229048 0.465671 0.465671 2 1 0
0.227117 0.465493 0.465493 2 1 0
0.225186 0.465315 0.465315 2 1 0
0.223254 0.465138 0.465138 2 1 0
0.221322 0.464961 0.464961 2 1 0
0.21939 0.464785 0.464785 2 1 0
0.217457 0.46461 0.46461 2 1 0
0.215524 0.464435 0.464435 2 1 0
0.213591 0.464261 0.464261 2 1 0
0.211658 0.464087 0.464087 2 1 0
0.209724 0.463914 0.463914 2 1 0
0.20779 0.463742 0.463742 2 1 0
0.205856 0.46357 0.46357 2 1 0
0.203922 0.463399 0.463399 2 1 0
0.201987 0.463228 0.463228 2 1 0
0.200052 0.463057 0.463057 2 1 0
0.198117 0.462888 0.462888 2 1 0
0.196182 0.462718 0.462718 2 1 0
0.194246 0.462549 0.462549 2 1 0
0.192311 0.462381 0.462381 2 1 0
0.190375 0.462213 0.462213 2 1 0
0.188439 0.462046 0.462046 2 1 0
0.186502 0.461879 0.461879 2 1 0
0.184566 0.461712 0.461712 2 1 0
0.182629 0.461546 0.461546 2 1 0
0.180692 0.46138 0.46138 2 1 0
0.178755 0.461215 0.461215 2 1 0
0.176818 0.46105 0.46105 2 1 0
0.17488 0.460886 0.460886 2 1 0
0.172943 0.460722 0.460722 2 1 0
0.171005 0.460558 0.460558 2 1 0
0.169067 0.460395 0.460395 2 1 0
0.167129 0.460232 0.460232 2 1 0
0.165191 0.46007 0.46007 2 1 0
0.163253 0.459908 0.459908 2 1 0
0.161315 0.459746 0.459746 2 1 0
0.159376 0.459585 0.459585 2 1 0
0.157437 0.459424 0.459424 2 1 0
0.155499 0.459263 0.459263 2 1 0
0.15356 0.459103 0.459103 2 1 0
0.151621 0.458943 0.458943 2 1 0
0.149682 0.458783 0.458783 2 1 0
0.147742 0.458624 0.458624 2 1 0
0.145803 0.458465 0.458465 2 1 0
0.143864 0.458306 0.458306 2 1 0
0.141924 0.458148 0.458148 2 1 0
0.139984 0.45799 0.45799 2 1 0
0.138045 0.457832 0.457832 2 1 0
0.136105 0.457674 0.457674 2 1 0
0.134165 0.457517 0.457517 2 1 0
0.132225 0.45736 0.45736 2 1 0
0.130285 0.457203 0.457203 2 1 0
0.128345 0.457047 0.457047 2 1 0
0.126405 0.45689 0.45689 2 1 0
0.124465 0.456734 0.456734 2 1 0
0.122525 0.456578 0.456578 2 1 0
0.120585 0.456423 0.456423 2 1 0
0.118644 0.456267 0.456267 2 1 0
0.116704 0.456112 0.456112 2 1 0
0.114764 0.455957 0.455957 2 1 0
0.112823 0.455803 0.455803 2 1 0
0.110883 0.455648 0.455648 2 1 0
0.108942 0.455494 0.455494 2 1 0
0.107002 0.45534 0.45534 2 1 0
0.105061 0.455186 0.455186 2 1 0
0.103121 0.455032 0.455032 2 1 0
0.101181 0.454878 0.454878 2 1 0
0.0992401 0.454725 0.454725 2 1 0
0.0972996 0.454571 0.454571 2 1 0
0.0953591 0.454418 0.454418 2 1 0
0.0934187 0.454265 0.454265 2 1 0
0.0914782 0.454112 0.454112 2 1 0
0.0895378 0.45396 0.45396 2 1 0
0.0875974 0.453807 0.453807 2 1 0
0.085657 0.453654 0.453654 2 1 0
0.0837167 0.453502 0.453502 2 1 0
0.0817764 0.45335 0.45335 2 1 0
0.0798361 0.453198 0.453198 2 1 0
0.0778959 0.453045 0.453045 2 1 0
0.0759558 0.452893 0.452893 2 1 0
0.0740156 0.452742 0.452742 2 1 0
0.0720756 0.45259 0.45259 2 1 0
0.0701356 0.452438 0.452438 2 1 0
0.0681957 0.452286 0.452286 2 1 0
0.0662558 0.452135 0.452135 2 1 0
0.064316 0.451983 0.451983 2 1 0
0.0623763 0.451832 0.451832 2 1 0
0.0604367 0.45168 0.45168 2 1 0
0.0584972 0.451529 0.451529 2 1 0
0.0565577 0.451377 0.451377 2 1 0
0.0546184 0.451226 0.451226 2 1 0
0.0526792 0.451075 0.451075 2 1 0
0.05074 0.450923 0.450923 2 1 0
0.048801 0.450772 0.450772 2 1 0
0.0468621 0.450621 0.450621 2 1 0
0.0449233 0.450469 0.450469 2 1 0
0.0429847 0.450318 0.450318 2 1 0
0.0410462 0.450167 0.450167 2 1 0
0.0391078 0.450015 0.450015 2 1 0
0.0371696 0.449864 0.449864 2 1 0
0.0352315 0.449712 0.449712 2 1 0
0.0332935 0.449561 0.449561 2 1 0
0.0313558 0.449409 0.449409 2 1 0
0.0294182 0.449258 0.449258 2 1 0
0.0274807 0.449106 0.449106 2 1 0
0.0255435 0.448954 0.448954 2 1 0
0.0236064 0.448803 0.448803 2 1 0
0.0216695 0.448651 0.448651 2 1 0
0.0197328 0.448499 0.448499 2 1 0
0.0177963 0.448347 0.448347 2 1 0
0.01586 0.448195 0.448195 2 1 0
0.0139239 0.448042 0.448042 2 1 0
0.011988 0.44789 0.44789 2 1 0
0.0100524 0.447738 0.447738 2 1 0
0.00811694 0.447585 0.447585 2 1 0
0.00618176 0.447432 0.447432 2 1 0
0.00424682 0.447279 0.447279 2 1 0
0.00231214 0.447126 0.447126 2 1 0
0.000377705 0.446973 0.446973 2 1 0
-0.00155646 0.44682 0.44682 2 1 0
-0.00349036 0.446666 0.446666 2 1 0
-0.00542397 0.446512 0.446512 2 1 0
-0.0073573 0.446359 0.446359 2 1 0
-0.00929034 0.446204 0.446204 2 1 0
-0.0112231 0.44605 0.44605 2 1 0
-0.0131555 0.445896 0.445896 2 1 0
-0.0150876 0.445741 0.445741 2 1 0
-0.0170194 0.445586 0.445586 2 1 0
-0.0189508 0.445431 0.445431 2 1 0
-0.0208819 0.445275 0.445275 2 1 0
-0.0228127 0.44512 0.44512 2 1 0
-0.0247431 0.444964 0.444964 2 1 0
-0.0266731 0.444808 0.444808 2 1 0
-0.0286027 0.444651 0.444651 2 1 0
-0.030532 0.444494 0.444494 2 1 0
-0.0324608 0.444337 0.444337 2 1 0
-0.0343892 0.44418 0.44418 2 1 0
-0.0363173 0.444022 0.444022 2 1 0
-0.0382448 0.443864 0.443864 2 1 0
-0.040172 0.443706 0.443706 2 1 0
-0.0420987 0.443547 0.443547 2 1 0
-0.0440249 0.443388 0.443388 2 1 0
-0.0459507 0.443229 0.443229 2 1 0
-0.0478759 0.443069 0.443069 2 1 0
-0.0498007 0.442909 0.442909 2 1 0
-0.0517249 0.442748 0.442748 2 1 0
-0.0536487 0.442587 0.442587 2 1 0
-0.0555719 0.442426 0.442426 2 1 0
-0.0574945 0.442264 0.442264 2 1 0
-0.0594165 0.442102 0.442102 2 1 0
-0.061338 0.441939 0.441939 2 1 0
-0.0632589 0.441776 0.441776 2 1 0
-0.0651792 0.441613 0.441613 2 1 0
-0.0670988 0.441449 0.441449 2 1 0
-0.0690178 0.441284 0.441284 2 1 0
-0.0709362 0.441119 0.441119 2 1 0
-0.0728538 0.440953 0.440953 2 1 0
-0.0747708 0.440787 0.440787 2 1 0
-0.076687 0.44062 0.44062 2 1 0
-0.0786025 0.440453 0.440453 2 1 0
-0.0805173 0.440285 0.440285 2 1 0
-0.0824313 0.440117 0.440117 2 1 0
-0.0843445 0.439947 0.439947 2 1 0
-0.0862569 0.439778 0.439778 2 1 0
-0.0881684 0.439607 0.439607 2 1 0
-0.0900791 0.439436 0.439436 2 1 0
-0.0919889 0.439265 0.439265 2 1 0
-0.0938978 0.439092 0.439092 2 1 0
-0.0958057 0.438919 0.438919 2 1 0
-0.0977127 0.438745 0.438745 2 1 0
-0.0996187 0.438571 0.438571 2 1 0
-0.101524 0.438395 0.438395 2 1 0
-0.103428 0.438219 0.438219 2 1 0
-0.10533 0.438042 0.438042 2 1 0
-0.107232 0.437864 0.437864 2 1 0
-0.109133 0.437686 0.437686 2 1 0
-0.111032 0.437506 0.437506 2 1 0
-0.112931 0.437326 0.437326 2 1 0
-0.114828 0.437144 0.437144 2 1 0
-0.116723 0.436962 0.436962 2 1 0
-0.118618 0.436779 0.436779 2 1 0
-0.120511 0.436595 0.436595 2 1 0
-0.122402 0.436409 0.436409 2 1 0
-0.124292 0.436223 0.436223 2 1 0
-0.126181 0.436036 0.436036 2 1 0
-0.128068 0.435847 0.435847 2 1 0
-0.129954 0.435658 0.435658 2 1 0
-0.131838 0.435467 0.435467 2 1 0
-0.13372 0.435275 0.435275 2 1 0
-0.1356 0.435082 0.435082 2 1 0
-0.137479 0.434887 0.434887 2 1 0
-0.139356 0.434692 0.434692 2 1 0
-0.14123 0.434495 0.434495 2 1 0
-0.143103 0.434296 0.434296 2 1 0
-0.144974 0.434097 0.434097 2 1 0
-0.146842 0.433895 0.433895 2 1 0
-0.148709 0.433693 0.433693 2 1 0
-0.150573 0.433489 0.433489 2 1 0
-0.152434 0.433283 0.433283 2 1 0
-0.154293 0.433076 0.433076 2 1 0
-0.15615 0.432867 0.432867 2 1 0
-0.158003 0.432656 0.432656 2 1 0
-0.159854 0.432443 0.432443 2 1 0
-0.161702 0.432229 0.432229 2 1 0
-0.163547 0.432013 0.432013 2 1 0
-0.165389 0.431795 0.431795 2 1 0
-0.167227 0.431575 0.431575 2 1 0
-0.169063 0.431353 0.431353 2 1 0
-0.170894 0.431129 0.431129 2 1 0
-0.172722 0.430902 0.430902 2 1 0
-0.174546 0.430674 0.430674 2 1 0
-0.176365 0.430443 0.430443 2 1 0
-0.178181 0.43021 0.43021 2 1 0
-0.179992 0.429974 0.429974 2 1 0
-0.181798 0.429736 0.429736 2 1 0
-0.1836 0.429495 0.429495 2 1 0
-0.185396 0.429251 0.429251 2 1 0
-0.187187 0.429005 0.429005 2 1 0
-0.188972 0.428756 0.428756 2 1 0
-0.190751 0.428503 0.428503 2 1 0
-0.192524 0.428248 0.428248 2 1 0
-0.19429 0.427989 0.427989 2 1 0
-0.19605 0.427727 0.427727 2 1 0
-0.197802 0.427461 0.427461 2 1 0
-0.199546 0.427192 0.427192 2 1 0
-0.201282 0.426919 0.426919 2 1 0
-0.203009 0.426642 0.426642 2 1 0
-0.204727 0.426361 0.426361 2 1 0
-0.206436 0.426076 0.426076 2 1 0
-0.208134 0.425787 0.425787 2 1 0
-0.209821 0.425493 0.425493 2 1 0
-0.211496 0.425194 0.425194 2 1 0
-0.213158 0.42489 0.42489 2 1 0
-0.214808 0.424582 0.424582 2 1 0
-0.216443 0.424268 0.424268 2 1 0
-0.218063 0.423948 0.423948 2 1 0
-0.219666 0.423623 0.423623 2 1 0
-0.221252 0.423291 0.423291 2 1 0
-0.22282 0.422954 0.422954 2 1 0
-0.224367 0.42261 0.42261 2 1 0
-0.225892 0.422259 0.422259 2 1 0
-0.227395 0.421901 0.421901 2 1 0
-0.228872 0.421536 0.421536 2 1 0
-0.230323 0.421163 0.421163 2 1 0
-0.231744 0.420783 0.420783 2 1 0
-0.233134 0.420395 0.420395 2 1 0
-0.23449 0.419998 0.419998 2 1 0
-0.23581 0.419593 0.419593 2 1 0
-0.23709 0.419179 0.419179 2 1 0
-0.238328 0.418756 0.418756 2 1 0
-0.239521 0.418324 0.418324 2 1 0
-0.240665 0.417883 0.417883 2 1 0
-0.241756 0.417433 0.417433 2 1 0
-0.242791 0.416973 0.416973 2 1 0
-0.243766 0.416505 0.416505 2 1 0
-0.244677 0.416028 0.416028 2 1 0
-0.245522 0.415542 0.415542 2 1 0
-0.246296 0.415049 0.415049 2 1 0
-0.246996 0.414547 0.414547 2 1 0
-0.24762 0.414039 0.414039 2 1 0
-0.248165 0.413525 0.413525 2 1 0
-0.24863 0.413006 0.413006 2 1 0
-0.249013 0.412482 0.412482 2 1 0
-0.249315 0.411955 0.411955 2 1 0
-0.249534 0.411424 0.411424 2 1 0
-0.249672 0.410893 0.410893 2 1 0
-0.249731 0.41036 0.41036 2 1 0
-0.249733 0.410224 0.410224 2 1 0
-0.249695 0.409692 0.409692 2 1 0
-0.249582 0.40916 0.40916 2 1 0
-0.249397 0.40863 0.40863 2 1 0
-0.249145 0.408102 0.408102 2 1 0
-0.248827 0.407577 0.407577 2 1 0
-0.248447 0.407054 0.407054 2 1 0
-0.248009 0.406535 0.406535 2 1 0
-0.247517 0.406019 0.406019 2 1 0
-0.246972 0.405506 0.405506 2 1 0
-0.24638 0.404998 0.404998 2 1 0
-0.245742 0.404493 0.404493 2 1 0
-0.245061 0.403992 0.403992 2 1 0
-0.244341 0.403495 0.403495 2 1 0
-0.243584 0.403002 0.403002 2 1 0
-0.242792 0.402512 0.402512 2 1 0
-0.241968 0.402026 0.402026 2 1 0
-0.241114 0.401544 0.401544 2 1 0
-0.240231 0.401065 0.401065 2 1 0
-0.239322 0.400589 0.400589 2 1 0
-0.238388 0.400117 0.400117 2 1 0
-0.237432 0.399647 0.399647 2 1 0
-0.236453 0.39918 0.39918 2 1 0
-0.235454 0.398716 0.398716 2 1 0
-0.234437 0.398255 0.398255 2 1 0
-0.233401 0.397796 0.397796 2 1 0
-0.232349 0.39734 0.39734 2 1 0
-0.231281 0.396885 0.396885 2 1 0
-0.230199 0.396433 0.396433 2 1 0
-0.229103 0.395983 0.395983 2 1 0
-0.227994 0.395535 0.395535 2 1 0
-0.226872 0.395089 0.395089 2 1 0
-0.22574 0.394644 0.394644 2 1 0
-0.224596 0.394201 0.394201 2 1 0
-0.223442 0.393759 0.393759 2 1 0
-0.222279 0.393319 0.393319 2 1 0
-0.221107 0.39288 0.39288 2 1 0
-0.219927 0.392442 0.392442 2 1 0
-0.218738 0.392005 0.392005 2 1 0
-0.217542 0.391569 0.391569 2 1 0
-0.21634 0.391134 0.391134 2 1 0
-0.21513 0.3907 0.3907 2 1 0
-0.213914 0.390266 0.390266 2 1 0
-0.212693 0.389833 0.389833 2 1 0
-0.211466 0.389401 0.389401 2 1 0
-0.210234 0.388969 0.388969 2 1 0
-0.208997 0.388537 0.388537 2 1 0
-0.207756 0.388106 0.388106 2 1 0
-0.20651 0.387675 0.387675 2 1 0
-0.205261 0.387245 0.387245 2 1 0
-0.204007 0.386814 0.386814 2 1 0
-0.202751 0.386384 0.386384 2 1 0
-0.201491 0.385953 0.385953 2 1 0
-0.200228 0.385523 0.385523 2 1 0
-0.198962 0.385092 0.385092 2 1 0
-0.197694 0.384662 0.384662 2 1 0
-0.196423 0.384231 0.384231 2 1 0
-0.19515 0.383799 0.383799 2 1 0
-0.193875 0.383368 0.383368 2 1 0
-0.193875 0.383368 0.383368 2 1 0
-0.192598 0.382936 0.382936 2 1 0
-0.19132 0.382503 0.382503 2 1 0
-0.19004 0.382071 0.382071 2 1 0
-0.188758 0.381637 0.381637 2 1 0
-0.187476 0.381203 0.381203 2 1 0
-0.186192 0.380768 0.380768 2 1 0
-0.184907 0.380333 0.380333 2 1 0
-0.183621 0.379897 0.379897 2 1 0
-0.182335 0.37946 0.37946 2 1 0
-0.181048 0.379022 0.379022 2 1 0
-0.17976 0.378584 0.378584 2 1 0
-0.178472 0.378144 0.378144 2 1 0
-0.177184 0.377704 0.377704 2 1 0
-0.175896 0.377263 0.377263 2 1 0
-0.174607 0.37682 0.37682 2 1 0
-0.173318 0.376376 0.376376 2 1 0
-0.17203 0.375932 0.375932 2 1 0
-0.170742 0.375486 0.375486 2 1 0
-0.169454 0.375039 0.375039 2 1 0
-0.168166 0.37459 0.37459 2 1 0
-0.166878 0.374141 0.374141 2 1 0
-0.165591 0.37369 0.37369 2 1 0
-0.164305 0.373237 0.373237 2 1 0
-0.163019 0.372783 0.372783 2 1 0
-0.161734 0.372328 0.372328 2 1 0
-0.16045 0.371871 0.371871 2 1 0
-0.159167 0.371413 0.371413 2 1 0
-0.157884 0.370953 0.370953 2 1 0
-0.156602 0.370491 0.370491 2 1 0
-0.155321 0.370028 0.370028 2 1 0
-0.154042 0.369563 0.369563 2 1 0
-0.152763 0.369096 0.369096 2 1 0
-0.151486 0.368627 0.368627 2 1 0
-0.150209 0.368157 0.368157 2 1 0
-0.148934 0.367684 0.367684 2 1 0
-0.147661 0.36721 0.36721 2 1 0
-0.146388 0.366734 0.366734 2 1 0
-0.145117 0.366255 0.366255 2 1 0
-0.143848 0.365775 0.365775 2 1 0
-0.142579 0.365292 0.365292 2 1 0
-0.141313 0.364808 0.364808 2 1 0
-0.140047 0.364321 0.364321 2 1 0
-0.138784 0.363832 0.363832 2 1 0
-0.137522 0.36334 0.36334 2 1 0
-0.136261 0.362847 0.362847 2 1 0
-0.135003 0.36235 0.36235 2 1 0
-0.133746 0.361852 0.361852 2 1 0
-0.13249 0.361351 0.361351 2 1 0
-0.131237 0.360847 0.360847 2 1 0
-0.129985 0.360341 0.360341 2 1 0
-0.128735 0.359832 0.359832 2 1 0
-0.127487 0.35932 0.35932 2 1 0
-0.126241 0.358806 0.358806 2 1 0
-0.124997 0.358289 0.358289 2 1 0
-0.123754 0.357769 0.357769 2 1 0
-0.122514 0.357246 0.357246 2 1 0
-0.121276 0.35672 0.35672 2 1 0
-0.120039 0.356191 0.356191 2 1 0
-0.118805 0.355659 0.355659 2 1 0
-0.117572 0.355124 0.355124 2 1 0
-0.116342 0.354586 0.354586 2 1 0
-0.115114 0.354044 0.354044 2 1 0
-0.113888 0.353499 0.353499 2 1 0
-0.112664 0.352951 0.352951 2 1 0
-0.111442 0.352399 0.352399 2 1 0
-0.110223 0.351844 0.351844 2 1 0
-0.109005 0.351285 0.351285 2 1 0
-0.10779 0.350722 0.350722 2 1 0
-0.106577 0.350156 0.350156 2 1 0
-0.105366 0.349585 0.349585 2 1 0
-0.104158 0.349011 0.349011 2 1 0
-0.102952 0.348433 0.348433 2 1 0
-0.101748 0.347851 0.347851 2 1 0
-0.100547 0.347265 0.347265 2 1 0
-0.0993478 0.346674 0.346674 2 1 0
-0.0981511 0.346079 0.346079 2 1 0
-0.0969568 0.34548 0.34548 2 1 0
-0.095765 0.344876 0.344876 2 1 0
-0.0945756 0.344268 0.344268 2 1 0
-0.0933887 0.343655 0.343655 2 1 0
-0.0922042 0.343037 0.343037 2 1 0
-0.0910223 0.342414 0.342414 2 1 0
-0.0898429 0.341786 0.341786 2 1 0
-0.0886661 0.341153 0.341153 2 1 0
-0.0874919 0.340515 0.340515 2 1 0
-0.0863203 0.339872 0.339872 2 1 0
-0.0851513 0.339223 0.339223 2 1 0
-0.083985 0.338569 0.338569 2 1 0
-0.0828214 0.337909 0.337909 2 1 0
-0.0816606 0.337243 0.337243 2 1 0
-0.0805024 0.336571 0.336571 2 1 0
-0.0793471 0.335893 0.335893 2 1 0
-0.0781946 0.335209 0.335209 2 1 0
-0.0770449 0.334518 0.334518 2 1 0
-0.0758981 0.333821 0.333821 2 1 0
-0.0747542 0.333118 0.333118 2 1 0
-0.0736133 0.332407 0.332407 2 1 0
-0.0724754 0.33169 0.33169 2 1 0
-0.0713406 0.330965 0.330965 2 1 0
-0.0702088 0.330233 0.330233 2 1 0
-0.0690802 0.329494 0.329494 2 1 0
-0.0679548 0.328747 0.328747 2 1 0
-0.0668326 0.327992 0.327992 2 1 0
-0.0657137 0.327229 0.327229 2 1 0
-0.0645981 0.326457 0.326457 2 1 0
-0.063486 0.325678 0.325678 2 1 0
-0.0623773 0.324889 0.324889 2 1 0
-0.0612722 0.324092 0.324092 2 1 0
-0.0601707 0.323285 0.323285 2 1 0
-0.0590728 0.32247 0.32247 2 1 0
-0.0579787 0.321644 0.321644 2 1 0
-0.0568885 0.320809 0.320809 2 1 0
-0.0558022 0.319964 0.319964 2 1 0
-0.0547199 0.319108 0.319108 2 1 0
-0.0536418 0.318242 0.318242 2 1 0
-0.0525678 0.317364 0.317364 2 1 0
-0.0514982 0.316476 0.316476 2 1 0
-0.0504331 0.315576 0.315576 2 1 0
-0.0493725 0.314664 0.314664 2 1 0
-0.0483166 0.31374 0.31374 2 1 0
-0.0472655 0.312804 0.312804 2 1 0
-0.0462194 0.311855 0.311855 2 1 0
-0.0451785 0.310892 0.310892 2 1 0
-0.0441428 0.309917 0.309917 2 1 0
-0.0431126 0.308927 0.308927 2 1 0
-0.0420881 0.307923 0.307923 2 1 0
-0.0410694 0.306905 0.306905 2 1 0
-0.0400567 0.305871 0.305871 2 1 0
-0.0390503 0.304823 0.304823 2 1 0
-0.0380503 0.303758 0.303758 2 1 0
-0.0370571 0.302677 0.302677 2 1 0
-0.0360708 0.30158 0.30158 2 1 0
-0.0350918 0.300466 0.300466 2 1 0
-0.0341203 0.299334 0.299334 2 1 0
-0.0331566 0.298184 0.298184 2 1 0
-0.032201 0.297017 0.297017 2 1 0
-0.0312539 0.29583 0.29583 2 1 0
-0.0303155 0.294624 0.294624 2 1 0
-0.0293863 0.293399 0.293399 2 1 0
-0.0284666 0.292154 0.292154 2 1 0
-0.0275568 0.290889 0.290889 2 1 0
-0.0266573 0.289603 0.289603 2 1 0
-0.0257686 0.288295 0.288295 2 1 0
-0.024891 0.286967 0.286967 2 1 0
-0.024025 0.285617 0.285617 2 1 0
-0.0231712 0.284244 0.284244 2 1 0
-0.0223299 0.28285 0.28285 2 1 0
-0.0215016 0.281433 0.281433 2 1 0
-0.0206869 0.279993 0.279993 2 1 0
-0.0198862 0.27853 0.27853 2 1 0
-0.0191 0.277045 0.277045 2 1 0
-0.0183288 0.275537 0.275537 2 1 0
-0.0175732 0.274005 0.274005 2 1 0
-0.0168335 0.272452 0.272452 2 1 0
-0.0161103 0.270875 0.270875 2 1 0
-0.015404 0.269276 0.269276 2 1 0
-0.014715 0.267655 0.267655 2 1 0
-0.0140437 0.266012 0.266012 2 1 0
-0.0133905 0.264348 0.264348 2 1 0
-0.0127557 0.262663 0.262663 2 1 0
-0.0121396 0.260958 0.260958 2 1 0
-0.0115424 0.259233 0.259233 2 1 0
-0.0109644 0.257488 0.257488 2 1 0
-0.0104056 0.255726 0.255726 2 1 0
-0.0098661 0.253946 0.253946 2 1 0
-0.009346 0.252149 0.252149 2 1 0
-0.00884526 0.250337 0.250337 2 1 0
-0.00836378 0.248509 0.248509 2 1 0
-0.00790144 0.246666 0.246666 2 1 0
-0.00745806 0.244811 0.244811 2 1 0
-0.0070334 0.242942 0.242942 2 1 0
-0.00662718 0.241062 0.241062 2 1 0
-0.00623908 0.239171 0.239171 2 1 0
-0.00586874 0.237269 0.237269 2 1 0
-0.00551576 0.235358 0.235358 2 1 0
-0.0051797 0.233438 0.233438 2 1 0
-0.00486013 0.23151 0.23151 2 1 0
-0.00455656 0.229575 0.229575 2 1 0
-0.00426848 0.227634 0.227634 2 1 0
-0.00399541 0.225686 0.225686 2 1 0
-0.00373681 0.223732 0.223732 2 1 0
-0.00349215 0.221773 0.221773 2 1 0
-0.00326092 0.21981 0.21981 2 1 0
-0.00304257 0.217843 0.217843 2 1 0
-0.00283657 0.215872 0.215872 2 1 0
-0.00264241 0.213898 0.213898 2 1 0
-0.00245957 0.21192 0.21192 2 1 0
-0.00228753 0.20994 0.20994 2 1 0
-0.0021258 0.207958 0.207958 2 1 0
-0.00197389 0.205973 0.205973 2 1 0
-0.00183133 0.203987 0.203987 2 1 0
-0.00169764 0.201999 0.201999 2 1 0
-0.00157239 0.200009 0.200009 2 1 0
-0.00145514 0.198018 0.198018 2 1 0
-0.00134547 0.196026 0.196026 2 1 0
-0.00124297 0.194033 0.194033 2 1 0
-0.00114726 0.192039 0.192039 2 1 0
-0.00105796 0.190044 0.190044 2 1 0
-0.00097472 0.188049 0.188049 2 1 0
-0.000897188 0.186053 0.186053 2 1 0
-0.000825037 0.184056 0.184056 2 1 0
-0.000757954 0.182059 0.182059 2 1 0
-0.000695637 0.180061 0.180061 2 1 0
-0.0006378 0.178063 0.178063 2 1 0
-0.000584172 0.176065 0.176065 2 1 0
-0.000534491 0.174067 0.174067 2 1 0
-0.000488511 0.172068 0.172068 2 1 0
-0.000445997 0.170069 0.170069 2 1 0
-0.000406728 0.16807 0.16807 2 1 0
-0.000370491 0.166071 0.166071 2 1 0
-0.000337087 0.164072 0.164072 2 1 0
-0.000306328 0.162072 0.162072 2 1 0
-0.000278033 0.160073 0.160073 2 1 0
-0.000252034 0.158073 0.158073 2 1 0
-0.000228172 0.156074 0.156074 2 1 0
-0.000206296 0.154074 0.154074 2 1 0
-0.000186265 0.152074 0.152074 2 1 0
-0.000167944 0.150074 0.150074 2 1 0
-0.00015121 0.148075 0.148075 2 1 0
-0.000135943 0.146075 0.146075 2 1 0
-0.000122034 0.144075 0.144075 2 1 0
-0.000109378 0.142075 0.142075 2 1 0
-9.78788e-05 0.140075 0.140075 2 1 0
-8.74453e-05 0.138075 0.138075 2 1 0
-7.79924e-05 0.136075 0.136075 2 1 0
-6.94408e-05 0.134075 0.134075 2 1 0
-6.17165e-05 0.132075 0.132075 2 1 0
-5.47506e-05 0.130075 0.130075 2 1 0
-4.84788e-05 0.128075 0.128075 2 1 0
-4.28416e-05 0.126075 0.126075 2 1 0
-3.77835e-05 0.124075 0.124075 2 1 0
-3.32532e-05 0.122075 0.122075 2 1 0
-2.92031e-05 0.120075 0.120075 2 1 0
-2.55894e-05 0.118075 0.118075 2 1 0
-2.23712e-05 0.116075 0.116075 2 1 0
-1.95113e-05 0.114075 0.114075 2 1 0
-1.69751e-05 0.112075 0.112075 2 1 0
-1.47309e-05 0.110075 0.110075 2 1 0
-1.27496e-05 0.108075 0.108075 2 1 0
-1.10046e-05 0.106075 0.106075 2 1 0
-9.47134e-06 0.104075 0.104075 2 1 0
-8.12763e-06 0.102075 0.102075 2 1 0
-6.95313e-06 0.100075 0.100075 2 1 0
-5.92934e-06 0.0980753 0.0980753 2 1 0
-5.03948e-06 0.0960753 0.0960753 2 1 0
-4.26831e-06 0.0940753 0.0940753 2 1 0
-3.60209e-06 0.0920753 0.0920753 2 1 0
-3.02838e-06 0.0900753 0.0900753 2 1 0
-2.53601e-06 0.0880753 0.0880753 2 1 0
-2.11494e-06 0.0860753 0.0860753 2 1 0
-1.75617e-06 0.0840753 0.0840753 2 1 0
-1.45167e-06 0.0820753 0.0820753 2 1 0
-1.19426e-06 0.0800753 0.0800753 2 1 0
-9.77607e-07 0.0780753 0.0780753 2 1 0
-7.9606e-07 0.0760753 0.0760753 2 1 0
-6.44648e-07 0.0740753 0.0740753 2 1 0
-5.18996e-07 0.0720753 0.0720753 2 1 0
-4.15267e-07 0.0700753 0.0700753 2 1 0
-3.30109e-07 0.0680753 0.0680753 2 1 0
-2.60606e-07 0.0660753 0.0660753 2 1 0
-2.04233e-07 0.0640753 0.0640753 2 1 0
-1.5881e-07 0.0620753 0.0620753 2 1 0
-1.22467e-07 0.0600753 0.0600753 2 1 0
-9.36067e-08 0.0580753 0.0580753 2 1 0
-7.08711e-08 0.0560753 0.0560753 2 1 0
-5.31138e-08 0.0540753 0.0540753 2 1 0
-3.9372e-08 0.0520753 0.0520753 2 1 0
-2.88427e-08 0.0500753 0.0500753 2 1 0
-2.08611e-08 0.0480753 0.0480753 2 1 0
-1.48805e-08 0.0460753 0.0460753 2 1 0
-1.04555e-08 0.0440753 0.0440753 2 1 0
-7.22616e-09 0.0420753 0.0420753 2 1 0
-4.90467e-09 0.0400753 0.0400753 2 1 0
-3.26321e-09 0.0380753 0.0380753 2 1 0
-2.12364e-09 0.0360753 0.0360753 2 1 0
-1.3484e-09 0.0340753 0.0340753 2 1 0
-8.32846e-10 0.0320753 0.0320753 2 1 0
-4.98626e-10 0.0300753 0.0300753 2 1 0
-2.88127e-10 0.0280753 0.0280753 2 1 0
-1.59851e-10 0.0260753 0.0260753 2 1 0
-8.45952e-11 0.0240753 0.0240753 2 1 0
-4.23559e-11 0.0220753 0.0220753 2 1 0
-1.98538e-11 0.0200753 0.0200753 2 1 0
-8.59243e-12 0.0180753 0.0180753 2 1 0
-3.36967e-12 0.0160753 0.0160753 2 1 0
-1.16642e-12 0.0140753 0.0140753 2 1 0
-3.42971e-13 0.0120753 0.0120753 2 1 0
-8.0726e-14 0.0100753 0.0100753 2 1 0
-1.3775e-14 0.00807526 0.00807526 2 1 0
-1.41656e-15 0.00607526 0.00607526 2 1 0
-5.81875e-17 0.00407526 0.00407526 2 1 0
-2.63652e-19 0.00207526 0.00207526 2 1 0
0 7.52592e-05 7.52592e-05 2 1 0
0 7.52594e-05 7.52594e-05 2 1 0
-1.44935e-19 -0.00192474 -0.00192474 1 1 0
-4.34061e-17 -0.00392474 -0.00392474 1 1 0
-1.17296e-15 -0.00592474 -0.00592474 1 1 0
-1.20412e-14 -0.00792474 -0.00792474 1 1 0
-7.30136e-14 -0.00992474 -0.00992474 1 1 0
-3.17762e-13 -0.0119247 -0.0119247 1 1 0
-1.10069e-12 -0.0139247 -0.0139247 1 1 0
-3.22702e-12 -0.0159247 -0.0159247 1 1 0
-8.33106e-12 -0.0179247 -0.0179247 1 1 0
-1.94568e-11 -0.0199247 -0.0199247 1 1 0
-4.19041e-11 -0.0219247 -0.0219247 1 1 0
-8.44126e-11 -0.0239247 -0.0239247 1 1 0
-1.60765e-10 -0.0259247 -0.0259247 1 1 0
-2.91901e-10 -0.0279247 -0.0279247 1 1 0
-5.0864e-10 -0.0299247 -0.0299247 1 1 0
-8.55123e-10 -0.0319247 -0.0319247 1 1 0
-1.3931e-09 -0.0339247 -0.0339247 1 1 0
-2.20719e-09 -0.0359247 -0.0359247 1 1 0
-3.41121e-09 -0.0379247 -0.0379247 1 1 0
-5.15585e-09 -0.0399247 -0.0399247 1 1 0
-7.63767e-09 -0.0419247 -0.0419247 1 1 0
-1.11098e-08 -0.0439247 -0.0439247 1 1 0
-1.58941e-08 -0.0459247 -0.0459247 1 1 0
-2.2396e-08 -0.0479247 -0.0479247 1 1 0
-3.11205e-08 -0.0499247 -0.0499247 1 1 0
-4.26915e-08 -0.0519247 -0.0519247 1 1 0
-5.7873e-08 -0.0539247 -0.0539247 1 1 0
-7.75937e-08 -0.0559247 -0.0559247 1 1 0
-1.02974e-07 -0.0579247 -0.0579247 1 1 0
-1.35359e-07 -0.0599247 -0.0599247 1 1 0
-1.76347e-07 -0.0619247 -0.0619247 1 1 0
-2.27837e-07 -0.0639247 -0.0639247 1 1 0
-2.92062e-07 -0.0659247 -0.0659247 1 1 0
-3.71643e-07 -0.0679247 -0.0679247 1 1 0
-4.69636e-07 -0.0699247 -0.0699247 1 1 0
-5.89593e-07 -0.0719247 -0.0719247 1 1 0
-7.3562e-07 -0.0739247 -0.0739247 1 1 0
-9.12452e-07 -0.0759247 -0.0759247 1 1 0
-1.12552e-06 -0.0779247 -0.0779247 1 1 0
-1.38104e-06 -0.0799247 -0.0799247 1 1 0
-1.68608e-06 -0.0819247 -0.0819247 1 1 0
-2.04871e-06 -0.0839247 -0.0839247 1 1 0
-2.47803e-06 -0.0859247 -0.0859247 1 1 0
-2.98434e-06 -0.0879247 -0.0879247 1 1 0
-3.57924e-06 -0.0899247 -0.0899247 1 1 0
-4.27576e-06 -0.0919247 -0.0919247 1 1 0
-5.08848e-06 -0.0939247 -0.0939247 1 1 0
-6.03374e-06 -0.0959247 -0.0959247 1 1 0
-7.12972e-06 -0.0979247 -0.0979247 1 1 0
-8.39668e-06 -0.0999247 -0.0999247 1 1 0
-9.8571e-06 -0.101925 -0.101925 1 1 0
-1.15359e-05 -0.103925 -0.103925 1 1 0
-1.34606e-05 -0.105925 -0.105925 1 1 0
-1.56617e-05 -0.107925 -0.107925 1 1 0
-1.81726e-05 -0.109925 -0.109925 1 1 0
-2.10302e-05 -0.111925 -0.111925 1 1 0
-2.42749e-05 -0.113925 -0.113925 1 1 0
-2.79512e-05 -0.115925 -0.115925 1 1 0
-3.21076e-05 -0.117925 -0.117925 1 1 0
-3.67972e-05 -0.119925 -0.119925 1 1 0
-4.20778e-05 -0.121925 -0.121925 1 1 0
-4.80125e-05 -0.123925 -0.123925 1 1 0
-5.46701e-05 -0.125925 -0.125925 1 1 0
-6.21251e-05 -0.127925 -0.127925 1 1 0
-7.04584e-05 -0.129925 -0.129925 1 1 0
-7.9758e-05 -0.131925 -0.131925 1 1 0
-9.01187e-05 -0.133925 -0.133925 1 1 0
-0.000101643 -0.135924 -0.135924 1 1 0
-0.000114443 -0.137924 -0.137924 1 1 0
-0.000128637 -0.139924 -0.139924 1 1 0
-0.000144355 -0.141924 -0.141924 1 1 0
-0.000161736 -0.143924 -0.143924 1 1 0
-0.000180928 -0.145924 -0.145924 1 1 0
-0.000202093 -0.147924 -0.147924 1 1 0
-0.000225403 -0.149923 -0.149923 1 1 0
-0.000251042 -0.151923 -0.151923 1 1 0
-0.000279208 -0.153923 -0.153923 1 1 0
-0.000310113 -0.155922 -0.155922 1 1 0
-0.000343984 -0.157922 -0.157922 1 1 0
-0.000381061 -0.159921 -0.159921 1 1 0
-0.000421603 -0.161921 -0.161921 1 1 0
-0.000465885 -0.16392 -0.16392 1 1 0
-0.0005142 -0.165919 -0.165919 1 1 0
-0.000566858 -0.167918 -0.167918 1 1 0
-0.000624193 -0.169916 -0.169916 1 1 0
-0.000686555 -0.171915 -0.171915 1 1 0
-0.000754318 -0.173913 -0.173913 1 1 0
-0.000827878 -0.17591 -0.17591 1 1 0
-0.000907653 -0.177908 -0.177908 1 1 0
-0.000994087 -0.179905 -0.179905 1 1 0
-0.00108765 -0.181901 -0.181901 1 1 0
-0.00118883 -0.183897 -0.183897 1 1 0
-0.00129815 -0.185892 -0.185892 1 1 0
-0.00141617 -0.187886 -0.187886 1 1 0
-0.00154345 -0.189879 -0.189879 1 1 0
-0.0016806 -0.191871 -0.191871 1 1 0
-0.00182826 -0.193862 -0.193862 1 1 0
-0.00198708 -0.195852 -0.195852 1 1 0
-0.00215776 -0.197839 -0.197839 1 1 0
-0.00234102 -0.199826 -0.199826 1 1 0
-0.00253761 -0.20181 -0.20181 1 1 0
-0.0027483 -0.203791 -0.203791 1 1 0
-0.0029739 -0.20577 -0.20577 1 1 0
-0.00321523 -0.207746 -0.207746 1 1 0
-0.00347315 -0.209718 -0.209718 1 1 0
-0.00374852 -0.211687 -0.211687 1 1 0
-0.00404223 -0.213652 -0.213652 1 1 0
-0.00435519 -0.215611 -0.215611 1 1 0
-0.00468829 -0.217565 -0.217565 1 1 0
-0.00504245 -0.219514 -0.219514 1 1 0
-0.00541858 -0.221455 -0.221455 1 1 0
-0.00581757 -0.22339 -0.22339 1 1 0
-0.00624032 -0.225316 -0.225316 1 1 0
-0.00668768 -0.227233 -0.227233 1 1 0
-0.00716047 -0.229141 -0.229141 1 1 0
-0.00765948 -0.231038 -0.231038 1 1 0
-0.00818545 -0.232924 -0.232924 1 1 0
-0.00873904 -0.234797 -0.234797 1 1 0
-0.00932088 -0.236656 -0.236656 1 1 0
-0.00993149 -0.238501 -0.238501 1 1 0
-0.0105713 -0.24033 -0.24033 1 1 0
-0.0112407 -0.242143 -0.242143 1 1 0
-0.0119399 -0.243938 -0.243938 1 1 0
-0.0126692 -0.245714 -0.245714 1 1 0
-0.0134285 -0.247471 -0.247471 1 1 0
-0.0142178 -0.249207 -0.249207 1 1 0
-0.015037 -0.250922 -0.250922 1 1 0
-0.0158858 -0.252615 -0.252615 1 1 0
-0.0167639 -0.254284 -0.254284 1 1 0
-0.0176709 -0.25593 -0.25593 1 1 0
-0.0186062 -0.257552 -0.257552 1 1 0
-0.0195693 -0.259149 -0.259149 1 1 0
-0.0205596 -0.26072 -0.26072 1 1 0
-0.0215762 -0.262267 -0.262267 1 1 0
-0.0226186 -0.263787 -0.263787 1 1 0
-0.0236858 -0.265282 -0.265282 1 1 0
-0.0247771 -0.26675 -0.26675 1 1 0
-0.0258916 -0.268193 -0.268193 1 1 0
-0.0270286 -0.26961 -0.26961 1 1 0
-0.0281871 -0.271001 -0.271001 1 1 0
-0.0293663 -0.272367 -0.272367 1 1 0
-0.0305655 -0.273707 -0.273707 1 1 0
-0.0317836 -0.275023 -0.275023 1 1 0
-0.0330201 -0.276314 -0.276314 1 1 0
-0.034274 -0.277581 -0.277581 1 1 0
-0.0355446 -0.278824 -0.278824 1 1 0
-0.0368312 -0.280044 -0.280044 1 1 0
-0.0381331 -0.281242 -0.281242 1 1 0
-0.0394496 -0.282417 -0.282417 1 1 0
-0.0407801 -0.283571 -0.283571 1 1 0
-0.0421239 -0.284703 -0.284703 1 1 0
-0.0434804 -0.285815 -0.285815 1 1 0
-0.0448491 -0.286906 -0.286906 1 1 0
-0.0462295 -0.287978 -0.287978 1 1 0
-0.047621 -0.289031 -0.289031 1 1 0
-0.0490232 -0.290065 -0.290065 1 1 0
-0.0504355 -0.291081 -0.291081 1 1 0
-0.0518577 -0.29208 -0.29208 1 1 0
-0.0532891 -0.293061 -0.293061 1 1 0
-0.0547296 -0.294026 -0.294026 1 1 0
-0.0561786 -0.294974 -0.294974 1 1 0
-0.0576359 -0.295907 -0.295907 1 1 0
-0.0591011 -0.296825 -0.296825 1 1 0
-0.0605739 -0.297727 -0.297727 1 1 0
-0.0620541 -0.298616 -0.298616 1 1 0
-0.0635412 -0.29949 -0.29949 1 1 0
-0.0650352 -0.300351 -0.300351 1 1 0
-0.0665357 -0.301198 -0.301198 1 1 0
-0.0680424 -0.302032 -0.302032 1 1 0
-0.0695552 -0.302854 -0.302854 1 1 0
-0.0710739 -0.303664 -0.303664 1 1 0
-0.0725982 -0.304462 -0.304462 1 1 0
-0.074128 -0.305249 -0.305249 1 1 0
-0.0756631 -0.306024 -0.306024 1 1 0
-0.0772033 -0.306788 -0.306788 1 1 0
-0.0787484 -0.307542 -0.307542 1 1 0
-0.0802983 -0.308285 -0.308285 1 1 0
-0.0818529 -0.309018 -0.309018 1 1 0
-0.083412 -0.309742 -0.309742 1 1 0
-0.0849755 -0.310456 -0.310456 1 1 0
-0.0865432 -0.311161 -0.311161 1 1 0
-0.088115 -0.311856 -0.311856 1 1 0
-0.0896909 -0.312543 -0.312543 1 1 0
-0.0912707 -0.313221 -0.313221 1 1 0
-0.0928542 -0.313891 -0.313891 1 1 0
-0.0944415 -0.314553 -0.314553 1 1 0
-0.0960324 -0.315207 -0.315207 1 1 0
-0.0976268 -0.315853 -0.315853 1 1 0
-0.0992247 -0.316491 -0.316491 1 1 0
-0.100826 -0.317122 -0.317122 1 1 0
-0.10243 -0.317746 -0.317746 1 1 0
-0.104038 -0.318362 -0.318362 1 1 0
-0.105649 -0.318972 -0.318972 1 1 0
-0.107263 -0.319575 -0.319575 1 1 0
-0.10888 -0.320171 -0.320171 1 1 0
-0.110499 -0.320761 -0.320761 1 1 0
-0.112122 -0.321345 -0.321345 1 1 0
-0.113747 -0.321923 -0.321923 1 1 0
-0.115376 -0.322494 -0.322494 1 1 0
-0.117006 -0.32306 -0.32306 1 1 0
-0.11864 -0.32362 -0.32362 1 1 0
-0.120276 -0.324174 -0.324174 1 1 0
-0.121915 -0.324723 -0.324723 1 1 0
-0.123556 -0.325266 -0.325266 1 1 0
-0.1252 -0.325804 -0.325804 1 1 0
-0.126846 -0.326337 -0.326337 1 1 0
-0.128494 -0.326865 -0.326865 1 1 0
-0.130145 -0.327387 -0.327387 1 1 0
-0.131798 -0.327905 -0.327905 1 1 0
-0.133453 -0.328419 -0.328419 1 1 0
-0.135111 -0.328927 -0.328927 1 1 0
-0.13677 -0.329431 -0.329431 1 1 0
-0.138432 -0.32993 -0.32993 1 1 0
-0.140096 -0.330425 -0.330425 1 1 0
-0.141762 -0.330916 -0.330916 1 1 0
-0.14343 -0.331403 -0.331403 1 1 0
-0.145101 -0.331885 -0.331885 1 1 0
-0.146773 -0.332363 -0.332363 1 1 0
-0.148447 -0.332837 -0.332837 1 1 0
-0.150123 -0.333307 -0.333307 1 1 0
-0.151801 -0.333774 -0.333774 1 1 0
-0.153481 -0.334236 -0.334236 1 1 0
-0.155163 -0.334695 -0.334695 1 1 0
-0.156846 -0.335151 -0.335151 1 1 0
-0.158532 -0.335602 -0.335602 1 1 0
-0.160219 -0.33605 -0.33605 1 1 0
-0.161908 -0.336495 -0.336495 1 1 0
-0.163598 -0.336936 -0.336936 1 1 0
-0.165291 -0.337374 -0.337374 1 1 0
-0.166985 -0.337808 -0.337808 1 1 0
-0.168681 -0.33824 -0.33824 1 1 0
-0.170379 -0.338668 -0.338668 1 1 0
-0.172078 -0.339093 -0.339093 1 1 0
-0.173779 -0.339514 -0.339514 1 1 0
-0.175481 -0.339933 -0.339933 1 1 0
-0.177185 -0.340349 -0.340349 1 1 0
-0.178891 -0.340762 -0.340762 1 1 0
-0.180598 -0.341172 -0.341172 1 1 0
-0.182307 -0.341579 -0.341579 1 1 0
-0.184017 -0.341983 -0.341983 1 1 0
-0.185729 -0.342385 -0.342385 1 1 0
-0.187443 -0.342784 -0.342784 1 1 0
-0.189157 -0.34318 -0.34318 1 1 0
-0.190874 -0.343573 -0.343573 1 1 0
-0.192592 -0.343964 -0.343964 1 1 0
-0.194311 -0.344353 -0.344353 1 1 0
-0.196032 -0.344738 -0.344738 1 1 0
-0.197754 -0.345122 -0.345122 1 1 0
-0.199477 -0.345503 -0.345503 1 1 0
-0.201202 -0.345881 -0.345881 1 1 0
-0.202929 -0.346257 -0.346257 1 1 0
-0.204656 -0.346631 -0.346631 1 1 0
-0.206385 -0.347002 -0.347002 1 1 0
-0.208116 -0.347371 -0.347371 1 1 0
-0.209848 -0.347738 -0.347738 1 1 0
-0.211581 -0.348103 -0.348103 1 1 0
-0.213315 -0.348465 -0.348465 1 1 0
-0.215051 -0.348826 -0.348826 1 1 0
-0.216788 -0.349184 -0.349184 1 1 0
-0.218527 -0.34954 -0.34954 1 1 0
-0.220266 -0.349894 -0.349894 1 1 0
-0.222007 -0.350246 -0.350246 1 1 0
-0.223749 -0.350596 -0.350596 1 1 0
-0.225493 -0.350944 -0.350944 1 1 0
-0.227237 -0.35129 -0.35129 1 1 0
-0.228983 -0.351634 -0.351634 1 1 0
-0.230731 -0.351976 -0.351976 1 1 0
-0.232479 -0.352316 -0.352316 1 1 0
-0.234229 -0.352654 -0.352654 1 1 0
-0.235979 -0.352991 -0.352991 1 1 0
-0.237731 -0.353325 -0.353325 1 1 0
-0.239485 -0.353658 -0.353658 1 1 0
-0.241239 -0.353989 -0.353989 1 1 0
-0.242994 -0.354318 -0.354318 1 1 0
-0.244751 -0.354646 -0.354646 1 1 0
-0.246509 -0.354972 -0.354972 1 1 0
-0.248268 -0.355296 -0.355296 1 1 0
-0.250028 -0.355618 -0.355618 1 1 0
-0.251789 -0.355939 -0.355939 1 1 0
-0.253552 -0.356258 -0.356258 1 1 0
-0.255315 -0.356576 -0.356576 1 1 0
-0.25708 -0.356892 -0.356892 1 1 0
-0.258846 -0.357206 -0.357206 1 1 0
-0.260613 -0.357519 -0.357519 1 1 0
-0.262381 -0.35783 -0.35783 1 1 0
-0.26415 -0.358139 -0.358139 1 1 0
-0.26592 -0.358447 -0.358447 1 1 0
-0.267691 -0.358754 -0.358754 1 1 0
-0.269463 -0.359059 -0.359059 1 1 0
-0.271237 -0.359363 -0.359363 1 1 0
-0.273011 -0.359665 -0.359665 1 1 0
-0.274787 -0.359966 -0.359966 1 1 0
-0.276563 -0.360265 -0.360265 1 1 0
-0.278341 -0.360563 -0.360563 1 1 0
-0.280119 -0.36086 -0.36086 1 1 0
-0.281899 -0.361155 -0.361155 1 1 0
-0.28368 -0.361449 -0.361449 1 1 0
-0.285461 -0.361741 -0.361741 1 1 0
-0.287244 -0.362032 -0.362032 1 1 0
-0.289028 -0.362322 -0.362322 1 1 0
-0.290812 -0.36261 -0.36261 1 1 0
-0.292598 -0.362898 -0.362898 1 1 0
-0.294385 -0.363183 -0.363183 1 1 0
-0.296173 -0.363468 -0.363468 1 1 0
-0.297961 -0.363751 -0.363751 1 1 0
-0.299751 -0.364033 -0.364033 1 1 0
-0.301542 -0.364314 -0.364314 1 1 0
-0.303333 -0.364594 -0.364594 1 1 0
-0.305126 -0.364872 -0.364872 1 1 0
-0.30692 -0.365149 -0.365149 1 1 0
-0.308714 -0.365425 -0.365425 1 1 0
-0.31051 -0.3657 -0.3657 1 1 0
-0.312306 -0.365974 -0.365974 1 1 0
-0.314104 -0.366246 -0.366246 1 1 0
-0.315902 -0.366518 -0.366518 1 1 0
-0.317701 -0.366788 -0.366788 1 1 0
-0.319502 -0.367057 -0.367057 1 1 0
-0.321303 -0.367325 -0.367325 1 1 0
-0.323105 -0.367592 -0.367592 1 1 0
-0.324908 -0.367857 -0.367857 1 1 0
-0.326712 -0.368122 -0.368122 1 1 0
-0.328517 -0.368385 -0.368385 1 1 0
-0.330323 -0.368648 -0.368648 1 1 0
-0.332129 -0.368909 -0.368909 1 1 0
-0.333937 -0.369169 -0.369169 1 1 0
-0.335746 -0.369429 -0.369429 1 1 0
-0.337555 -0.369687 -0.369687 1 1 0
-0.339366 -0.369944 -0.369944 1 1 0
-0.341177 -0.3702 -0.3702 1 1 0
-0.342989 -0.370455 -0.370455 1 1 0
-0.344802 -0.370709 -0.370709 1 1 0
-0.346616 -0.370962 -0.370962 1 1 0
-0.348431 -0.371215 -0.371215 1 1 0
-0.350247 -0.371466 -0.371466 1 1 0
-0.352063 -0.371716 -0.371716 1 1 0
-0.353881 -0.371965 -0.371965 1 1 0
-0.355699 -0.372213 -0.372213 1 1 0
-0.357518 -0.37246 -0.37246 1 1 0
-0.359338 -0.372707 -0.372707 1 1 0
-0.361159 -0.372952 -0.372952 1 1 0
-0.362981 -0.373196 -0.373196 1 1 0
-0.364804 -0.37344 -0.37344 1 1 0
-0.366627 -0.373682 -0.373682 1 1 0
-0.368452 -0.373924 -0.373924 1 1 0
-0.370277 -0.374165 -0.374165 1 1 0
-0.372103 -0.374404 -0.374404 1 1 0
-0.37393 -0.374643 -0.374643 1 1 0
-0.375758 -0.374881 -0.374881 1 1 0
-0.377586 -0.375118 -0.375118 1 1 0
-0.379416 -0.375355 -0.375355 1 1 0
-0.381246 -0.37559 -0.37559 1 1 0
-0.383077 -0.375824 -0.375824 1 1 0
-0.384909 -0.376058 -0.376058 1 1 0
-0.386742 -0.376291 -0.376291 1 1 0
-0.388575 -0.376523 -0.376523 1 1 0
-0.39041 -0.376754 -0.376754 1 1 0
-0.392245 -0.376984 -0.376984 1 1 0
-0.394081 -0.377213 -0.377213 1 1 0
-0.395918 -0.377442 -0.377442 1 1 0
-0.397756 -0.377669 -0.377669 1 1 0
-0.399594 -0.377896 -0.377896 1 1 0
-0.401434 -0.378122 -0.378122 1 1 0
-0.403274 -0.378347 -0.378347 1 1 0
-0.405115 -0.378572 -0.378572 1 1 0
-0.406957 -0.378795 -0.378795 1 1 0
-0.408799 -0.379018 -0.379018 1 1 0
-0.410642 -0.37924 -0.37924 1 1 0
-0.412487 -0.379461 -0.379461 1 1 0
-0.414331 -0.379682 -0.379682 1 1 0
-0.416177 -0.379901 -0.379901 1 1 0
-0.418024 -0.38012 -0.38012 1 1 0
-0.419871 -0.380338 -0.380338 1 1 0
-0.421719 -0.380555 -0.380555 1 1 0
-0.423568 -0.380772 -0.380772 1 1 0
-0.425418 -0.380988 -0.380988 1 1 0
-0.427268 -0.381203 -0.381203 1 1 0
-0.429119 -0.381417 -0.381417 1 1 0
-0.430971 -0.38163 -0.38163 1 1 0
-0.432824 -0.381843 -0.381843 1 1 0
-0.434678 -0.382055 -0.382055 1 1 0
-0.436532 -0.382266 -0.382266 1 1 0
-0.438387 -0.382477 -0.382477 1 1 0
-0.440243 -0.382686 -0.382686 1 1 0
-0.442099 -0.382895 -0.382895 1 1 0
-0.443957 -0.383104 -0.383104 1 1 0
-0.445815 -0.383311 -0.383311 1 1 0
-0.447674 -0.383518 -0.383518 1 1 0
-0.449533 -0.383724 -0.383724 1 1 0
-0.451394 -0.38393 -0.38393 1 1 0
-0.453255 -0.384134 -0.384134 1 1 0
-0.455117 -0.384338 -0.384338 1 1 0
-0.456979 -0.384542 -0.384542 1 1 0
-0.458843 -0.384744 -0.384744 1 1 0
-0.460707 -0.384946 -0.384946 1 1 0
-0.462572 -0.385147 -0.385147 1 1 0
-0.464437 -0.385348 -0.385348 1 1 0
-0.466303 -0.385548 -0.385548 1 1 0
-0.468171 -0.385747 -0.385747 1 1 0
-0.470038 -0.385945 -0.385945 1 1 0
-0.471907 -0.386143 -0.386143 1 1 0
-0.473776 -0.38634 -0.38634 1 1 0
-0.475646 -0.386536 -0.386536 1 1 0
-0.477517 -0.386732 -0.386732 1 1 0
-0.479388 -0.386927 -0.386927 1 1 0
-0.48126 -0.387122 -0.387122 1 1 0
-0.483133 -0.387315 -0.387315 1 1 0
-0.485006 -0.387508 -0.387508 1 1 0
-0.486881 -0.387701 -0.387701 1 1 0
-0.488755 -0.387892 -0.387892 1 1 0
-0.490631 -0.388084 -0.388084 1 1 0
-0.492507 -0.388274 -0.388274 1 1 0
-0.494385 -0.388464 -0.388464 1 1 0
-0.496262 -0.388653 -0.388653 1 1 0
-0.498141 -0.388841 -0.388841 1 1 0
-0.50002 -0.389029 -0.389029 1 1 0
-0.5019 -0.389217 -0.389217 1 1 0
-0.50378 -0.389403 -0.389403 1 1 0
-0.505661 -0.389589 -0.389589 1 1 0
-0.507543 -0.389774 -0.389774 1 1 0
-0.509426 -0.389959 -0.389959 1 1 0
-0.511309 -0.390143 -0.390143 1 1 0
-0.513193 -0.390327 -0.390327 1 1 0
-0.515077 -0.390509 -0.390509 1 1 0
-0.516963 -0.390692 -0.390692 1 1 0
-0.518849 -0.390873 -0.390873 1 1 0
-0.520735 -0.391054 -0.391054 1 1 0
-0.522622 -0.391235 -0.391235 1 1 0
-0.52451 -0.391414 -0.391414 1 1 0
-0.526399 -0.391593 -0.391593 1 1 0
-0.528288 -0.391772 -0.391772 1 1 0
-0.530178 -0.39195 -0.39195 1 1 0
-0.532069 -0.392127 -0.392127 1 1 0
-0.53396 -0.392304 -0.392304 1 1 0
-0.535852 -0.39248 -0.39248 1 1 0
-0.537744 -0.392656 -0.392656 1 1 0
-0.539637 -0.392831 -0.392831 1 1 0
-0.541531 -0.393005 -0.393005 1 1 0
-0.543425 -0.393179 -0.393179 1 1 0
-0.54532 -0.393352 -0.393352 1 1 0
-0.547216 -0.393525 -0.393525 1 1 0
-0.549112 -0.393697 -0.393697 1 1 0
-0.551009 -0.393868 -0.393868 1 1 0
-0.552907 -0.394039 -0.394039 1 1 0
-0.554805 -0.394209 -0.394209 1 1 0
-0.556704 -0.394379 -0.394379 1 1 0
-0.558603 -0.394548 -0.394548 1 1 0
-0.560503 -0.394717 -0.394717 1 1 0
-0.562404 -0.394885 -0.394885 1 1 0
-0.564305 -0.395052 -0.395052 1 1 0
-0.566207 -0.395219 -0.395219 1 1 0
-0.568109 -0.395385 -0.395385 1 1 0
-0.570012 -0.395551 -0.395551 1 1 0
-0.571916 -0.395716 -0.395716 1 1 0
-0.57382 -0.395881 -0.395881 1 1 0
-0.575725 -0.396045 -0.396045 1 1 0
-0.57763 -0.396209 -0.396209 1 1 0
-0.579536 -0.396372 -0.396372 1 1 0
-0.581443 -0.396534 -0.396534 1 1 0
-0.58335 -0.396696 -0.396696 1 1 0
-0.585258 -0.396857 -0.396857 1 1 0
-0.587166 -0.397018 -0.397018 1 1 0
-0.589075 -0.397179 -0.397179 1 1 0
-0.590984 -0.397338 -0.397338 1 1 0
-0.592894 -0.397498 -0.397498 1 1 0
-0.594805 -0.397656 -0.397656 1 1 0
-0.596716 -0.397814 -0.397814 1 1 0
-0.598628 -0.397972 -0.397972 1 1 0
-0.60054 -0.398129 -0.398129 1 1 0
-0.602453 -0.398286 -0.398286 1 1 0
-0.604366 -0.398442 -0.398442 1 1 0
-0.60628 -0.398597 -0.398597 1 1 0
-0.608194 -0.398752 -0.398752 1 1 0
-0.610109 -0.398907 -0.398907 1 1 0
-0.612025 -0.399061 -0.399061 1 1 0
-0.613941 -0.399214 -0.399214 1 1 0
-0.615857 -0.399367 -0.399367 1 1 0
-0.617774 -0.39952 -0.39952 1 1 0
-0.619692 -0.399672 -0.399672 1 1 0
-0.62161 -0.399823 -0.399823 1 1 0
-0.623529 -0.399974 -0.399974 1 1 0
-0.625448 -0.400125 -0.400125 1 1 0
-0.627368 -0.400275 -0.400275 1 1 0
-0.629288 -0.400424 -0.400424 1 1 0
-0.631208 -0.400573 -0.400573 1 1 0
-0.63313 -0.400721 -0.400721 1 1 0
-0.635051 -0.400869 -0.400869 1 1 0
-0.636974 -0.401017 -0.401017 1 1 0
-0.638896 -0.401164 -0.401164 1 1 0
-0.640819 -0.40131 -0.40131 1 1 0
-0.642743 -0.401456 -0.401456 1 1 0
-0.644667 -0.401602 -0.401602 1 1 0
-0.646592 -0.401747 -0.401747 1 1 0
-0.648517 -0.401892 -0.401892 1 1 0
-0.650443 -0.402036 -0.402036 1 1 0
-0.652369 -0.402179 -0.402179 1 1 0
-0.654295 -0.402323 -0.402323 1 1 0
-0.656222 -0.402465 -0.402465 1 1 0
-0.65815 -0.402608 -0.402608 1 1 0
-0.660078 -0.402749 -0.402749 1 1 0
-0.662006 -0.402891 -0.402891 1 1 0
-0.663935 -0.403032 -0.403032 1 1 0
-0.665865 -0.403172 -0.403172 1 1 0
-0.667794 -0.403312 -0.403312 1 1 0
-0.669725 -0.403451 -0.403451 1 1 0
-0.671655 -0.40359 -0.40359 1 1 0
-0.673586 -0.403729 -0.403729 1 1 0
-0.675518 -0.403867 -0.403867 1 1 0
-0.67745 -0.404005 -0.404005 1 1 0
-0.679382 -0.404142 -0.404142 1 1 0
-0.681315 -0.404279 -0.404279 1 1 0
-0.683249 -0.404415 -0.404415 1 1 0
-0.685182 -0.404551 -0.404551 1 1 0
-0.687117 -0.404687 -0.404687 1 1 0
-0.689051 -0.404822 -0.404822 1 1 0
-0.690986 -0.404956 -0.404956 1 1 0
-0.692922 -0.40509 -0.40509 1 1 0
-0.694857 -0.405224 -0.405224 1 1 0
-0.696794 -0.405357 -0.405357 1 1 0
-0.69873 -0.40549 -0.40549 1 1 0
-0.700667 -0.405623 -0.405623 1 1 0
-0.702605 -0.405755 -0.405755 1 1 0
-0.704543 -0.405886 -0.405886 1 1 0
-0.706481 -0.406018 -0.406018 1 1 0
-0.70842 -0.406148 -0.406148 1 1 0
-0.710359 -0.406279 -0.406279 1 1 0
-0.712298 -0.406409 -0.406409 1 1 0
-0.714238 -0.406538 -0.406538 1 1 0
-0.716178 -0.406667 -0.406667 1 1 0
-0.718119 -0.406796 -0.406796 1 1 0
-0.72006 -0.406924 -0.406924 1 1 0
-0.722001 -0.407052 -0.407052 1 1 0
-0.723943 -0.40718 -0.40718 1 1 0
-0.725885 -0.407307 -0.407307 1 1 0
-0.727827 -0.407434 -0.407434 1 1 0
-0.72977 -0.40756 -0.40756 1 1 0
-0.731713 -0.407686 -0.407686 1 1 0
-0.733657 -0.407812 -0.407812 1 1 0
-0.7356 -0.407937 -0.407937 1 1 0
-0.737545 -0.408061 -0.408061 1 1 0
-0.739489 -0.408186 -0.408186 1 1 0
-0.741434 -0.40831 -0.40831 1 1 0
-0.743379 -0.408433 -0.408433 1 1 0
-0.745325 -0.408557 -0.408557 1 1 0
-0.747271 -0.408679 -0.408679 1 1 0
-0.749217 -0.408802 -0.408802 1 1 0
-0.751164 -0.408924 -0.408924 1 1 0
-0.753111 -0.409046 -0.409046 1 1 0
-0.755058 -0.409167 -0.409167 1 1 0
-0.757006 -0.409288 -0.409288 1 1 0
-0.758954 -0.409409 -0.409409 1 1 0
-0.760902 -0.409529 -0.409529 1 1 0
-0.762851 -0.409649 -0.409649 1 1 0
-0.7648 -0.409768 -0.409768 1 1 0
-0.766749 -0.409887 -0.409887 1 1 0
-0.768699 -0.410006 -0.410006 1 1 0
-0.770648 -0.410125 -0.410125 1 1 0
-0.772599 -0.410243 -0.410243 1 1 0
-0.774549 -0.41036 -0.41036 1 1 0
-0.7765 -0.410478 -0.410478 1 1 0
-0.778451 -0.410595 -0.410595 1 1 0
-0.780403 -0.410711 -0.410711 1 1 0
-0.782354 -0.410828 -0.410828 1 1 0
-0.784306 -0.410944 -0.410944 1 1 0
-0.786259 -0.411059 -0.411059 1 1 0
-0.788211 -0.411175 -0.411175 1 1 0
-0.790164 -0.411289 -0.411289 1 1 0
-0.792117 -0.411404 -0.411404 1 1 0
-0.794071 -0.411518 -0.411518 1 1 0
-0.796024 -0.411632 -0.411632 1 1 0
-0.797978 -0.411746 -0.411746 1 1 0
-0.799933 -0.411859 -0.411859 1 1 0
-0.801887 -0.411972 -0.411972 1 1 0
-0.803842 -0.412085 -0.412085 1 1 0
-0.805797 -0.412197 -0.412197 1 1 0
-0.807753 -0.412309 -0.412309 1 1 0
-0.809708 -0.412421 -0.412421 1 1 0
-0.811664 -0.412532 -0.412532 1 1 0
-0.81362 -0.412643 -0.412643 1 1 0
-0.815577 -0.412753 -0.412753 1 1 0
-0.817534 -0.412864 -0.412864 1 1 0
-0.819491 -0.412974 -0.412974 1 1 0
-0.821448 -0.413084 -0.413084 1 1 0
-0.823405 -0.413193 -0.413193 1 1 0
-0.825363 -0.413302 -0.413302 1 1 0
-0.827321 -0.413411 -0.413411 1 1 0
-0.829279 -0.413519 -0.413519 1 1 0
-0.831238 -0.413628 -0.413628 1 1 0
-0.833197 -0.413735 -0.413735 1 1 0
-0.835155 -0.413843 -0.413843 1 1 0
-0.837115 -0.41395 -0.41395 1 1 0
-0.839074 -0.414057 -0.414057 1 1 0
-0.841034 -0.414164 -0.414164 1 1 0
-0.842994 -0.41427 -0.41427 1 1 0
-0.844954 -0.414376 -0.414376 1 1 0
-0.846914 -0.414482 -0.414482 1 1 0
-0.848875 -0.414588 -0.414588 1 1 0
-0.850836 -0.414693 -0.414693 1 1 0
-0.852797 -0.414798 -0.414798 1 1 0
-0.854758 -0.414903 -0.414903 1 1 0
-0.85672 -0.415007 -0.415007 1 1 0
-0.858681 -0.415111 -0.415111 1 1 0
-0.860643 -0.415215 -0.415215 1 1 0
-0.862606 -0.415318 -0.415318 1 1 0
-0.864568 -0.415422 -0.415422 1 1 0
-0.866531 -0.415524 -0.415524 1 1 0
-0.868493 -0.415627 -0.415627 1 1 0
-0.870457 -0.41573 -0.41573 1 1 0
-0.87242 -0.415832 -0.415832 1 1 0
-0.874383 -0.415934 -0.415934 1 1 0
-0.876347 -0.416035 -0.416035 1 1 0
-0.878311 -0.416136 -0.416136 1 1 0
-0.880275 -0.416237 -0.416237 1 1 0
-0.882239 -0.416338 -0.416338 1 1 0
-0.884204 -0.416439 -0.416439 1 1 0
-0.886168 -0.416539 -0.416539 1 1 0
-0.888133 -0.416639 -0.416639 1 1 0
-0.890098 -0.416739 -0.416739 1 1 0
-0.892063 -0.416838 -0.416838 1 1 0
-0.894029 -0.416937 -0.416937 1 1 0
-0.895995 -0.417036 -0.417036 1 1 0
-0.89796 -0.417135 -0.417135 1 1 0
-0.899926 -0.417234 -0.417234 1 1 0
-0.901893 -0.417332 -0.417332 1 1 0
-0.903859 -0.41743 -0.41743 1 1 0
-0.905826 -0.417527 -0.417527 1 1 0
-0.907792 -0.417625 -0.417625 1 1 0
-0.909759 -0.417722 -0.417722 1 1 0
-0.911726 -0.417819 -0.417819 1 1 0
-0.913694 -0.417916 -0.417916 1 1 0
-0.915661 -0.418012 -0.418012 1 1 0
-0.917629 -0.418109 -0.418109 1 1 0
-0.919597 -0.418205 -0.418205 1 1 0
-0.921565 -0.4183 -0.4183 1 1 0
-0.923533 -0.418396 -0.418396 1 1 0
-0.925501 -0.418491 -0.418491 1 1 0
-0.92747 -0.418586 -0.418586 1 1 0
-0.929438 -0.418681 -0.418681 1 1 0
-0.931407 -0.418776 -0.418776 1 1 0
-0.933376 -0.41887 -0.41887 1 1 0
-0.935345 -0.418964 -0.418964 1 1 0
-0.937315 -0.419058 -0.419058 1 1 0
-0.939284 -0.419152 -0.419152 1 1 0
-0.941254 -0.419245 -0.419245 1 1 0
-0.943224 -0.419338 -0.419338 1 1 0
-0.945193 -0.419431 -0.419431 1 1 0
-0.947164 -0.419524 -0.419524 1 1 0
-0.949134 -0.419617 -0.419617 1 1 0
-0.951104 -0.419709 -0.419709 1 1 0
-0.953075 -0.419801 -0.419801 1 1 0
-0.955046 -0.419893 -0.419893 1 1 0
-0.957016 -0.419985 -0.419985 1 1 0
-0.958987 -0.420076 -0.420076 1 1 0
-0.960959 -0.420167 -0.420167 1 1 0
-0.96293 -0.420258 -0.420258 1 1 0
-0.964901 -0.420349 -0.420349 1 1 0
-0.966873 -0.42044 -0.42044 1 1 0
-0.968845 -0.42053 -0.42053 1 1 0
-0.970817 -0.420621 -0.420621 1 1 0
-0.972789 -0.420711 -0.420711 1 1 0
-0.974761 -0.4208 -0.4208 1 1 0
-0.976733 -0.42089 -0.42089 1 1 0
-0.978706 -0.420979 -0.420979 1 1 0
-0.980678 -0.421068 -0.421068 1 1 0
-0.982651 -0.421157 -0.421157 1 1 0
-0.984624 -0.421246 -0.421246 1 1 0
-0.986597 -0.421335 -0.421335 1 1 0
-0.98857 -0.421423 -0.421423 1 1 0
-0.990543 -0.421511 -0.421511 1 1 0
-0.992517 -0.421599 -0.421599 1 1 0
-0.99449 -0.421687 -0.421687 1 1 0
-0.996464 -0.421775 -0.421775 1 1 0
-0.998438 -0.421862 -0.421862 1 1 0
-1.00041 -0.421949 -0.421949 1 1 0
-1.00239 -0.422036 -0.422036 1 1 0
-1.00436 -0.422123 -0.422123 1 1 0
-1.00633 -0.42221 -0.42221 1 1 0
-1.00831 -0.422296 -0.422296 1 1 0
-1.01028 -0.422383 -0.422383 1 1 0
-1.01226 -0.422469 -0.422469 1 1 0
-1.01423 -0.422555 -0.422555 1 1 0
-1.01621 -0.42264 -0.42264 1 1 0
-1.01818 -0.422726 -0.422726 1 1 0
-1.02016 -0.422811 -0.422811 1 1 0
-1.02213 -0.422896 -0.422896 1 1 0
-1.02411 -0.422981 -0.422981 1 1 0
-1.02608 -0.423066 -0.423066 1 1 0
-1.02806 -0.423151 -0.423151 1 1 0
-1.03003 -0.423235 -0.423235 1 1 0
-1.03201 -0.42332 -0.42332 1 1 0
-1.03399 -0.423404 -0.423404 1 1 0
-1.03596 -0.423488 -0.423488 1 1 0
-1.03794 -0.423572 -0.423572 1 1 0
-1.03991 -0.423655 -0.423655 1 1 0
-1.04189 -0.423739 -0.423739 1 1 0
-1.04387 -0.423822 -0.423822 1 1 0
-1.04584 -0.423905 -0.423905 1 1 0
-1.04782 -0.423988 -0.423988 1 1 0
-1.0498 -0.424071 -0.424071 1 1 0
-1.05177 -0.424153 -0.424153 1 1 0
-1.05375 -0.424236 -0.424236 1 1 0
-1.05573 -0.424318 -0.424318 1 1 0
-1.05771 -0.4244 -0.4244 1 1 0
-1.05968 -0.424482 -0.424482 1 1 0
-1.06166 -0.424564 -0.424564 1 1 0
-1.06364 -0.424645 -0.424645 1 1 0
0.435093 0.492603 0.492603 4 2 0
0.435135 0.493517 0.491709 4 2 0
0.435132 0.493635 0.49159 3 2 0
0.435056 0.495433 0.489774 3 2 0
0.43491 0.497221 0.48795 3 2 0
0.434694 0.498996 0.486122 3 2 0
0.434408 0.500757 0.484292 3 2 0
0.434054 0.5025 0.482463 3 2 0
0.433634 0.504227 0.480634 3 2 0
0.433148 0.505936 0.478808 3 2 0
0.4326 0.507623 0.476987 3 2 0
0.43199 0.509291 0.475172 3 2 0
0.431322 0.510937 0.473365 3 2 0
0.430597 0.512562 0.471566 3 2 0
0.429817 0.514162 0.469779 3 2 0
0.428985 0.515741 0.468001 3 2 0
0.428103 0.517293 0.466234 3 2 0
0.427174 0.518825 0.464482 3 2 0
0.426199 0.520331 0.462745 3 2 0
0.425182 0.521812 0.461019 3 2 0
0.424124 0.523272 0.459308 3 2 0
0.423027 0.524707 0.457614 3 2 0
0.421894 0.526115 0.455935 3 2 0
0.420726 0.527505 0.454273 3 2 0
0.419525 0.52887 0.452628 3 2 0
0.418294 0.53021 0.451001 3 2 0
0.417034 0.531528 0.449386 3 2 0
0.415746 0.532826 0.44779 3 2 0
0.414432 0.534099 0.446208 3 2 0
0.413094 0.535355 0.444645 3 2 0
0.411733 0.536588 0.443099 3 2 0
0.410351 0.5378 0.441569 3 2 0
0.408947 0.538988 0.440056 3 2 0
0.407525 0.540165 0.438567 3 2 0
0.406085 0.541316 0.437088 3 2 0
0.404627 0.542448 0.435622 3 2 0
0.403153 0.543563 0.434168 3 2 0
0.401664 0.544665 0.432737 3 2 0
0.400161 0.545746 0.431321 3 2 0
0.398645 0.546805 0.429917 3 2 0
0.397115 0.547854 0.428531 3 2 0
0.395574 0.548887 0.427159 3 2 0
0.394021 0.549902 0.425802 3 2 0
0.392458 0.5509 0.42446 3 2 0
0.390884 0.551882 0.423132 3 2 0
0.389301 0.552852 0.421827 3 2 0
0.387709 0.553803 0.420526 3 2 0
0.386108 0.554747 0.419239 3 2 0
0.3845 0.555677 0.417964 3 2 0
0.382884 0.556588 0.416703 3 2 0
0.38126 0.55749 0.415454 3 2 0
0.37963 0.558382 0.414214 3 2 0
0.377994 0.559259 0.41299 3 2 0
0.376351 0.560124 0.411777 3 2 0
0.374703 0.560977 0.410584 3 2 0
0.373049 0.561818 0.409397 3 2 0
0.371391 0.562647 0.408221 3 2 0
0.369727 0.563469 0.407039 3 2 0
0.368059 0.564277 0.405883 3 2 0
0.366387 0.565074 0.404738 3 2 0
0.36471 0.565866 0.403603 3 2 0
0.36303 0.566644 0.402478 3 2 0
0.361346 0.567413 0.401363 3 2 0
0.359659 0.568174 0.400262 3 2 0
0.357968 0.568926 0.399168 3 2 0
0.356275 0.569668 0.398084 3 2 0
0.354578 0.570394 0.397006 3 2 0
0.352879 0.571122 0.39594 3 2 0
0.351177 0.571841 0.394884 3 2 0
0.349473 0.572553 0.393821 3 2 0
0.347767 0.573255 0.39278 3 2 0
0.346059 0.573949 0.391747 3 2 0
0.344349 0.574635 0.390722 3 2 0
0.342636 0.575314 0.389707 3 2 0
0.340923 0.575986 0.3887 3 2 0
0.339207 0.576651 0.387687 3 2 0
0.33749 0.577309 0.386693 3 2 0
0.335772 0.57796 0.385707 3 2 0
0.334053 0.578603 0.384732 3 2 0
0.332332 0.579241 0.383755 3 2 0
0.33061 0.579872 0.382785 3 2 0
0.328888 0.580493 0.381823 3 2 0
0.327164 0.581114 0.380871 3 2 0
0.32544 0.58173 0.379926 3 2 0
0.323715 0.582341 0.37898 3 2 0
0.321989 0.582946 0.378046 3 2 0
0.320263 0.583545 0.37712 3 2 0
0.318537 0.584139 0.376198 3 2 0
0.31681 0.584728 0.375278 3 2 0
0.315082 0.585312 0.374366 3 2 0
0.313355 0.585889 0.373463 3 2 0
0.311627 0.586463 0.372561 3 2 0
0.309899 0.587032 0.371666 3 2 0
0.308172 0.587593 0.370778 3 2 0
0.306444 0.588153 0.369897 3 2 0
0.304716 0.588709 0.369023 3 2 0
0.302989 0.589264 0.368146 3 2 0
0.301261 0.589812 0.367282 3 2 0
0.299534 0.590356 0.366421 3 2 0
0.297808 0.590895 0.36556 3 2 0
0.296081 0.591431 0.364705 3 2 0
0.294356 0.591964 0.363849 3 2 0
0.29263 0.592488 0.362997 3 2 0
0.290906 0.593012 0.362155 3 2 0
0.289182 0.593534 0.361319 3 2 0
0.287458 0.594054 0.360491 3 2 0
0.285736 0.594567 0.359668 3 2 0
0.284014 0.595076 0.358848 3 2 0
0.282293 0.595583 0.358013 3 2 0
0.280573 0.596088 0.3572 3 2 0
0.278854 0.596591 0.356392 3 2 0
0.277136 0.597096 0.355585 3 2 0
0.275418 0.597592 0.354774 3 2 0
0.273703 0.598086 0.353969 3 2 0
0.271988 0.598579 0.353181 3 2 0
0.270274 0.599066 0.352381 3 2 0
0.268562 0.599551 0.351587 3 2 0
0.266851 0.600033 0.350803 3 2 0
0.265141 0.600511 0.350016 3 2 0
0.263433 0.600986 0.349234 3 2 0
0.261726 0.601448 0.348457 3 2 0
0.260021 0.601916 0.347682 3 2 0
0.258318 0.602385 0.346913 3 2 0
0.256616 0.602861 0.346145 3 2 0
0.254915 0.603323 0.345383 3 2 0
0.253217 0.603783 0.344627 3 2 0
0.25152 0.604251 0.34387 3 2 0
0.249825 0.604708 0.343122 3 2 0
0.248132 0.605161 0.342364 3 2 0
0.246441 0.605619 0.341606 3 2 0
0.244752 0.606069 0.340856 3 2 0
0.243065 0.606517 0.340112 3 2 0
0.241381 0.606964 0.339372 3 2 0
0.239698 0.607408 0.338638 3 2 0
0.238018 0.60785 0.33791 3 2 0
0.236339 0.608293 0.337182 3 2 0
0.234664 0.608731 0.336443 3 2 0
0.23299 0.609167 0.335709 3 2 0
0.231319 0.609608 0.33499 3 2 0
0.229651 0.610041 0.334277 3 2 0
0.227985 0.610471 0.333548 3 2 0
0.226322 0.610907 0.332821 3 2 0
0.224661 0.611336 0.332111 3 2 0
0.223004 0.611763 0.331407 3 2 0
0.221349 0.61219 0.33069 3 2 0
0.219697 0.612615 0.329991 3 2 0
0.218048 0.613037 0.329277 3 2 0
0.216402 0.613459 0.328576 3 2 0
0.214759 0.613879 0.327878 3 2 0
0.213119 0.614298 0.32717 3 2 0
0.211482 0.614715 0.326478 3 2 0
0.209849 0.615131 0.325776 3 2 0
0.208219 0.615545 0.32508 3 2 0
0.206592 0.615957 0.324392 3 2 0
0.204969 0.616369 0.32371 3 2 0
0.20335 0.61678 0.323034 3 2 0
0.201734 0.617189 0.322353 3 2 0
0.200121 0.617596 0.321661 3 2 0
0.198513 0.618 0.320976 3 2 0
0.196908 0.618405 0.320315 3 2 0
0.195307 0.618806 0.319637 3 2 0
0.19371 0.619204 0.318956 3 2 0
0.192118 0.619607 0.318299 3 2 0
0.190529 0.620001 0.317626 3 2 0
0.188944 0.620393 0.316951 3 2 0
0.187364 0.620793 0.316289 3 2 0
0.185788 0.62119 0.315637 3 2 0
0.184217 0.621591 0.314977 3 2 0
0.18265 0.621975 0.314303 3 2 0
0.181088 0.622375 0.313653 3 2 0
0.17953 0.622773 0.313009 3 2 0
0.177977 0.623152 0.312342 3 2 0
0.176429 0.623548 0.311693 3 2 0
0.174886 0.623942 0.31105 3 2 0
0.173347 0.624321 0.310401 3 2 0
0.171814 0.624714 0.309758 3 2 0
0.170286 0.625104 0.30912 3 2 0
0.168763 0.625469 0.308499 3 2 0
0.167246 0.62586 0.307858 3 2 0
0.165734 0.626247 0.307214 3 2 0
0.164227 0.626626 0.30658 3 2 0
0.162726 0.62701 0.305946 3 2 0
0.16123 0.627392 0.305319 3 2 0
0.159741 0.627766 0.304694 3 2 0
0.158257 0.628145 0.304076 3 2 0
0.156779 0.62852 0.303466 3 2 0
0.155307 0.628892 0.302833 3 2 0
0.153841 0.629266 0.302212 3 2 0
0.152381 0.629636 0.301598 3 2 0
0.150927 0.630006 0.301005 3 2 0
0.14948 0.630374 0.300401 3 2 0
0.148039 0.630738 0.29978 3 2 0
0.146604 0.631102 0.299168 3 2 0
0.145176 0.631461 0.298576 3 2 0
0.143755 0.631815 0.297989 3 2 0
0.142341 0.632175 0.29739 3 2 0
0.140933 0.632541 0.296778 3 2 0
0.139532 0.632908 0.296175 3 2 0
0.138138 0.633267 0.295602 3 2 0
0.136751 0.633629 0.295 3 2 0
0.135371 0.633988 0.294405 3 2 0
0.133999 0.634342 0.29383 3 2 0
0.132633 0.634692 0.29324 3 2 0
0.131275 0.635037 0.292658 3 2 0
0.129925 0.635388 0.292092 3 2 0
0.128582 0.635742 0.29151 3 2 0
0.127246 0.636092 0.290936 3 2 0
0.125918 0.636436 0.29037 3 2 0
0.124598 0.636776 0.289812 3 2 0
0.123285 0.637111 0.289262 3 2 0
0.121981 0.637459 0.288676 3 2 0
0.120684 0.637791 0.288119 3 2 0
0.119395 0.638118 0.28757 3 2 0
0.118114 0.638476 0.287015 3 2 0
0.116842 0.638805 0.286477 3 2 0
0.115577 0.639129 0.285947 3 2 0
0.11432 0.639476 0.285369 3 2 0
0.113072 0.6398 0.284823 3 2 0
0.111832 0.64012 0.284286 3 2 0
0.110601 0.640456 0.283765 3 2 0
0.109377 0.640773 0.283219 3 2 0
0.108163 0.641084 0.282682 3 2 0
0.106956 0.641413 0.282172 3 2 0
0.105758 0.641719 0.281634 3 2 0
0.104569 0.642033 0.281106 3 2 0
0.103388 0.642358 0.280587 3 2 0
0.102216 0.642656 0.280071 3 2 0
0.101053 0.642979 0.279564 3 2 0
0.099898 0.64329 0.279057 3 2 0
0.0987519 0.643582 0.278565 3 2 0
0.0976145 0.643903 0.278082 3 2 0
0.0964858 0.644201 0.277556 3 2 0
0.0953659 0.644499 0.277079 3 2 0
0.0942548 0.644812 0.276567 3 2 0
0.0931524 0.64509 0.276066 3 2 0
0.0920589 0.645398 0.275596 3 2 0
0.0909742 0.645703 0.275091 3 2 0
0.0898982 0.64597 0.274619 3 2 0
0.0888311 0.646274 0.274129 3 2 0
0.0877729 0.646572 0.273635 3 2 0
0.0867234 0.646827 0.273189 3 2 0
0.0856828 0.647123 0.272697 3 2 0
0.084651 0.647415 0.272216 3 2 0
0.083628 0.647686 0.271762 3 2 0
0.0826138 0.647971 0.271319 3 2 0
0.0816084 0.64825 0.270846 3 2 0
0.0806117 0.648486 0.270369 3 2 0
0.0796238 0.64877 0.269925 3 2 0
0.0786447 0.649047 0.269491 3 2 0
0.0776743 0.649294 0.269051 3 2 0
0.0767125 0.649568 0.268589 3 2 0
0.0757595 0.649835 0.268138 3 2 0
0.0748151 0.65008 0.267697 3 2 0
0.0738793 0.650343 0.267269 3 2 0
0.0729521 0.650598 0.26685 3 2 0
0.0720335 0.650845 0.266405 3 2 0
0.0711234 0.651092 0.26598 3 2 0
0.0702218 0.651331 0.265564 3 2 0
0.0693287 0.651576 0.265143 3 2 0
0.068444 0.651813 0.264723 3 2 0
0.0675676 0.652043 0.264314 3 2 0
0.0666996 0.652282 0.263924 3 2 0
0.0658399 0.652512 0.263503 3 2 0
0.0649885 0.652733 0.263093 3 2 0
0.0641453 0.652965 0.262707 3 2 0
0.0633102 0.653186 0.262299 3 2 0
0.0624833 0.653397 0.261902 3 2 0
0.0616645 0.653623 0.261511 3 2 0
0.0608536 0.65383 0.261125 3 2 0
0.0600508 0.654028 0.260748 3 2 0
0.0592558 0.654254 0.260368 3 2 0
0.0584688 0.654449 0.260005 3 2 0
0.0576896 0.654635 0.259621 3 2 0
0.0569181 0.654857 0.259262 3 2 0
0.0561544 0.655039 0.258874 3 2 0
0.0553983 0.65522 0.258497 3 2 0
0.0546498 0.655428 0.258132 3 2 0
0.0539089 0.6556 0.25778 3 2 0
0.0531754 0.655807 0.257437 3 2 0
0.0524494 0.655986 0.257057 3 2 0
0.0517308 0.656156 0.256712 3 2 0
0.0510196 0.656354 0.256377 3 2 0
0.0503155 0.656506 0.256009 3 2 0
0.0496187 0.656699 0.255668 3 2 0
0.0489291 0.656884 0.255337 3 2 0
0.0482465 0.657016 0.254988 3 2 0
0.047571 0.657199 0.254657 3 2 0
0.0469025 0.657376 0.254336 3 2 0
0.0462408 0.657523 0.254005 3 2 0
0.0455861 0.657693 0.253695 3 2 0
0.0449381 0.657855 0.253358 3 2 0
0.0442969 0.657993 0.253047 3 2 0
0.0436624 0.658151 0.252713 3 2 0
0.0430345 0.6583 0.25239 3 2 0
0.0424131 0.658434 0.252106 3 2 0
0.0417983 0.65858 0.25178 3 2 0
0.0411899 0.658717 0.251462 3 2 0
0.0405879 0.658844 0.251184 3 2 0
0.0399923 0.658982 0.250865 3 2 0
0.0394029 0.65911 0.250556 3 2 0
0.0388198 0.659225 0.250283 3 2 0
0.0382428 0.659357 0.249978 3 2 0
0.0376719 0.659479 0.249675 3 2 0
0.0371071 0.659588 0.249384 3 2 0
0.0365483 0.659709 0.249097 3 2 0
0.0359954 0.659821 0.248819 3 2 0
0.0354484 0.659918 0.248545 3 2 0
0.0349072 0.660035 0.248283 3 2 0
0.0343718 0.66014 0.24799 3 2 0
0.0338422 0.660229 0.247714 3 2 0
0.0333181 0.660337 0.247434 3 2 0
0.0327997 0.660434 0.247164 3 2 0
0.0322869 0.660518 0.246921 3 2 0
0.0317796 0.660616 0.246652 3 2 0
0.0312777 0.660703 0.246378 3 2 0
0.0307812 0.660786 0.246129 3 2 0
0.0302901 0.66087 0.245861 3 2 0
0.0298043 0.660943 0.245603 3 2 0
0.0293237 0.661025 0.245357 3 2 0
0.0288484 0.661091 0.245102 3 2 0
0.0283782 0.661145 0.244855 3 2 0
0.0279131 0.661234 0.24461 3 2 0
0.027453 0.661284 0.244373 3 2 0
0.026998 0.661321 0.244144 3 2 0
0.0265479 0.661423 0.243892 3 2 0
0.0261027 0.661463 0.243667 3 2 0
0.0256625 0.661493 0.243434 3 2 0
0.025227 0.661597 0.243199 3 2 0
0.0247963 0.661636 0.242976 3 2 0
0.0243703 0.661662 0.242737 3 2 0
0.023949 0.661745 0.242512 3 2 0
0.0235324 0.661782 0.242301 3 2 0
0.0231204 0.661807 0.242076 3 2 0
0.0227129 0.661856 0.241862 3 2 0
0.02231 0.66187 0.241634 3 2 0
0.0219115 0.661898 0.241415 3 2 0
0.0215174 0.661957 0.241208 3 2 0
0.0211278 0.661963 0.240993 3 2 0
0.0207425 0.661989 0.240786 3 2 0
0.0203615 0.662046 0.240584 3 2 0
0.0199848 0.662049 0.240391 3 2 0
0.0196123 0.662045 0.240189 3 2 0
0.0192441 0.662085 0.239975 3 2 0
0.0188799 0.662084 0.239785 3 2 0
0.01852 0.662125 0.239599 3 2 0
0.0181641 0.662112 0.239387 3 2 0
0.0178122 0.662148 0.239194 3 2 0
0.0174644 0.662172 0.239009 3 2 0
0.0171205 0.662163 0.238827 3 2 0
0.0167806 0.662182 0.238632 3 2 0
0.0164446 0.662187 0.238445 3 2 0
0.0161125 0.662182 0.238269 3 2 0
0.0157842 0.662185 0.238083 3 2 0
0.0154597 0.662174 0.237904 3 2 0
0.015139 0.662176 0.237727 3 2 0
0.0148221 0.662161 0.237554 3 2 0
0.0145089 0.662131 0.237388 3 2 0
0.0141993 0.662144 0.237208 3 2 0
0.0138934 0.662115 0.237045 3 2 0
0.0135911 0.662069 0.236889 3 2 0
0.0132924 0.662095 0.236711 3 2 0
0.0129973 0.662055 0.236559 3 2 0
0.0127057 0.662013 0.236389 3 2 0
0.0124176 0.662035 0.236238 3 2 0
0.012133 0.661987 0.236067 3 2 0
0.0118518 0.661951 0.235901 3 2 0
0.0115741 0.661958 0.235744 3 2 0
0.0112997 0.661902 0.23559 3 2 0
0.0110287 0.66188 0.235443 3 2 0
0.010761 0.661873 0.235299 3 2 0
0.0104967 0.661811 0.23514 3 2 0
0.0102356 0.661789 0.234989 3 2 0
0.00997776 0.661792 0.234846 3 2 0
0.00972317 0.661743 0.234699 3 2 0
0.00947179 0.661677 0.23456 3 2 0
0.00922358 0.661683 0.234415 3 2 0
0.00897853 0.661627 0.234279 3 2 0
0.0087366 0.661553 0.23415 3 2 0
0.00849779 0.66156 0.234003 3 2 0
0.00826205 0.661491 0.233866 3 2 0
0.00802937 0.661441 0.233736 3 2 0
0.00779972 0.661424 0.233604 3 2 0
0.00757309 0.661344 0.23347 3 2 0
0.00734944 0.661327 0.233343 3 2 0
0.00712875 0.661273 0.233215 3 2 0
0.006911 0.661223 0.233095 3 2 0
0.00669617 0.661207 0.232979 3 2 0
0.00648424 0.661113 0.232842 3 2 0
0.00627517 0.661103 0.232727 3 2 0
0.00606896 0.661076 0.232611 3 2 0
0.00586557 0.660995 0.232494 3 2 0
0.00566499 0.660973 0.232366 3 2 0
0.00546719 0.660933 0.232245 3 2 0
0.00527215 0.660868 0.232129 3 2 0
0.00507986 0.660833 0.232017 3 2 0
0.00489028 0.660778 0.231911 3 2 0
0.0047034 0.660723 0.231802 3 2 0
0.0045192 0.660682 0.231685 3 2 0
0.00433765 0.660621 0.231574 3 2 0
0.00415873 0.660573 0.231468 3 2 0
0.00398243 0.660528 0.231368 3 2 0
0.00380872 0.660462 0.231274 3 2 0
0.00363758 0.660422 0.231162 3 2 0
0.00346899 0.660373 0.231071 3 2 0
0.00330292 0.660302 0.23096 3 2 0
0.00313937 0.660271 0.230852 3 2 0
0.00297831 0.660212 0.230758 3 2 0
0.00281972 0.66013 0.23067 3 2 0
0.00266357 0.660117 0.230562 3 2 0
0.00250985 0.660062 0.230475 3 2 0
0.00235854 0.659983 0.230387 3 2 0
0.00220961 0.659959 0.23028 3 2 0
0.00206305 0.659916 0.230194 3 2 0
0.00191884 0.65985 0.230113 3 2 0
0.00177695 0.659797 0.230012 3 2 0
0.00163737 0.659767 0.229932 3 2 0
0.00150008 0.659713 0.229842 3 2 0
0.00136505 0.659645 0.229754 3 2 0
0.00123227 0.65962 0.229663 3 2 0
0.00110171 0.659571 0.229578 3 2 0
0.000973364 0.659496 0.229496 3 2 0
0.000847202 0.659476 0.229418 3 2 0
0.000723207 0.659432 0.229345 3 2 0
0.000601358 0.659367 0.229264 3 2 0
0.000481637 0.659342 0.229184 3 2 0
0.000364024 0.659292 0.229101 3 2 0
0.000248498 0.659236 0.229029 3 2 0
0.000135041 0.65921 0.228961 3 2 0
2.36327e-05 0.659158 0.228878 3 2 0
-8.57465e-05 0.659116 0.228809 3 2 0
-0.000193116 0.659083 0.228731 3 2 0
-0.000298496 0.659022 0.228657 3 2 0
-0.000401904 0.659001 0.228587 3 2 0
-0.000503361 0.658951 0.228522 3 2 0
-0.000602887 0.65887 0.22846 3 2 0
-0.0007005 0.658882 0.22839 3 2 0
-0.00079622 0.658835 0.228318 3 2 0
-0.000890066 0.658756 0.22825 3 2 0
-0.000982056 0.65877 0.228195 3 2 0
-0.00107221 0.658722 0.228129 3 2 0
-0.00116055 0.658641 0.228061 3 2 0
-0.00124709 0.658659 0.228004 3 2 0
-0.00133185 0.658623 0.227939 3 2 0
-0.00141486 0.658554 0.227878 3 2 0
-0.00149612 0.65855 0.227823 3 2 0
-0.00157566 0.658528 0.227762 3 2 0
-0.00165349 0.658473 0.227705 3 2 0
-0.00172965 0.65844 0.227649 3 2 0
-0.00180413 0.658434 0.227594 3 2 0
-0.00187698 0.658394 0.227543 3 2 0
-0.00194819 0.65833 0.227488 3 2 0
-0.00201779 0.658341 0.227441 3 2 0
-0.0020858 0.658316 0.227388 3 2 0
-0.00215224 0.658231 0.227338 3 2 0
-0.00221712 0.658253 0.227288 3 2 0
-0.00228047 0.658238 0.227235 3 2 0
-0.0023423 0.658126 0.227186 3 2 0
-0.00240263 0.658163 0.227138 3 2 0
-0.00246148 0.658164 0.227092 3 2 0
-0.00251887 0.658097 0.227046 3 2 0
-0.00257481 0.658051 0.227003 3 2 0
-0.00262933 0.658081 0.226962 3 2 0
-0.00268243 0.658057 0.226915 3 2 0
-0.00273415 0.657975 0.226874 3 2 0
-0.00278449 0.657991 0.226836 3 2 0
-0.00283348 0.657983 0.226791 3 2 0
-0.00288113 0.657897 0.226752 3 2 0
-0.00292746 0.657945 0.226716 3 2 0
-0.00297249 0.657899 0.226679 3 2 0
-0.00301624 0.657875 0.22664 3 2 0
-0.00305873 0.657908 0.226602 3 2 0
-0.00309996 0.657838 0.226566 3 2 0
-0.00313997 0.657829 0.226533 3 2 0
-0.00317876 0.65786 0.226502 3 2 0
-0.00321637 0.657797 0.226467 3 2 0
-0.00325279 0.657774 0.226433 3 2 0
-0.00328806 0.657812 0.226401 3 2 0
-0.00332218 0.657733 0.226371 3 2 0
-0.00335519 0.65775 0.226343 3 2 0
-0.00338709 0.657777 0.226316 3 2 0
-0.0034179 0.657709 0.226286 3 2 0
-0.00344764 0.657748 0.226256 3 2 0
-0.00347634 0.657733 0.226229 3 2 0
-0.003504 0.657729 0.226203 3 2 0
-0.00353065 0.6577 0.226178 3 2 0
-0.0035563 0.657609 0.226154 3 2 0
-0.00358097 0.657654 0.22613 3 2 0
-0.00360468 0.657596 0.226106 3 2 0
-0.00362746 0.657661 0.226084 3 2 0
-0.0036493 0.657636 0.226063 3 2 0
-0.00367025 0.657548 0.226041 3 2 0
-0.00369031 0.657627 0.226021 3 2 0
-0.0037095 0.657644 0.226002 3 2 0
-0.00372784 0.657597 0.225983 3 2 0
-0.00374535 0.657504 0.225965 3 2 0
-0.00376206 0.657623 0.225947 3 2 0
-0.00377797 0.657578 0.225931 3 2 0
-0.00379311 0.657479 0.225915 3 2 0
-0.00380749 0.657522 0.2259 3 2 0
-0.00382114 0.657544 0.225884 3 2 0
-0.00383408 0.657591 0.225869 3 2 0
-0.00384632 0.657524 0.225856 3 2 0
-0.00385789 0.65741 0.225843 3 2 0
-0.0038688 0.657529 0.225831 3 2 0
-0.00387908 0.657467 0.225819 3 2 0
-0.00388874 0.657488 0.225807 3 2 0
-0.00389781 0.657559 0.225797 3 2 0
-0.0039063 0.657548 0.225787 3 2 0
-0.00391424 0.65755 0.225777 3 2 0
-0.00392165 0.657458 0.225769 3 2 0
-0.00392854 0.657471 0.22576 3 2 0
-0.00393493 0.657545 0.225752 3 2 0
-0.00394086 0.657526 0.225745 3 2 0
-0.00394633 0.657535 0.225738 3 2 0
-0.00395138 0.657529 0.225731 3 2 0
-0.00395601 0.657414 0.225725 3 2 0
-0.00396025 0.657451 0.22572 3 2 0
-0.00396412 0.657533 0.225714 3 2 0
-0.00396765 0.657509 0.225709 3 2 0
-0.00397084 0.657486 0.225705 3 2 0
-0.00397372 0.657318 0.225701 3 2 0
-0.00397632 0.657479 0.225697 4 2 0
-0.00397864 0.657395 0.225694 4 2 0
-0.00398071 0.657515 0.225691 4 2 0
-0.00398255 0.657515 0.225688 4 2 0
-0.00398417 0.657475 0.225686 4 2 0
-0.00398559 0.657438 0.225683 4 2 0
-0.00398684 0.657527 0.225681 4 2 0
-0.00398792 0.657441 0.22568 4 2 0
-0.00398885 0.657484 0.225678 4 2 0
-0.00398964 0.657524 0.225677 4 2 0
-0.00399032 0.6575 0.225676 4 2 0
-0.0039909 0.657315 0.225675 4 2 0
-0.00399138 0.657345 0.225674 4 2 0
-0.00399177 0.657505 0.225673 4 2 0
-0.0039921 0.657344 0.225672 4 2 0
-0.00399237 0.657507 0.225672 4 2 0
-0.00399258 0.657442 0.225672 4 2 0
-0.00399275 0.657262 0.225671 4 2 0
-0.00399289 0.657478 0.225671 4 2 0
-0.00399299 0.657499 0.225671 4 2 0
-0.00399308 0.657414 0.225671 4 2 0
-0.00399314 0.657526 0.22567 4 2 0
-0.00399318 0.657469 0.22567 4 2 0
-0.00399322 0.657354 0.22567 4 2 0
-0.00399324 0.657519 0.22567 4 2 0
-0.00399326 0.657473 0.22567 4 2 0
-0.00399327 0.657511 0.22567 4 2 0
-0.00399328 0.657292 0.22567 4 2 0
-0.00399328 0.657504 0.22567 4 2 0
-0.00399328 0.657504 0.22567 4 2 0
-0.00399329 0.657433 0.22567 4 2 0
-0.00399328 0.657518 0.22567 4 2 0
-0.00399329 0.657405 0.22567 4 2 0
-0.00399329 0.657525 0.22567 4 2 0
-0.00399329 0.657464 0.22567 4 2 0
-0.00399329 0.657501 0.22567 4 2 0
-0.00399329 0.657182 0.22567 4 2 0
-0.00399329 0.657498 0.22567 4 2 0
-0.00399329 0.657445 0.22567 4 2 0
-0.00399329 0.657503 0.22567 4 2 0
-0.00399329 0.65739 0.22567 4 2 0
-0.00399329 0.657518 0.22567 4 2 0
-0.00399329 0.657192 0.22567 4 2 0
-0.00399329 0.657411 0.22567 4 2 0
-0.00399329 0.657518 0.22567 4 2 0
-0.00399329 0.657344 0.22567 4 2 0
-0.00399329 0.657483 0.22567 4 2 0
-0.00399329 0.657454 0.22567 4 2 0
-0.00399329 0.65745 0.22567 4 2 0
-0.00399329 0.65744 0.22567 4 2 0
-0.00399329 0.657446 0.22567 4 2 0
-0.00399329 0.657516 0.22567 4 2 0
-0.00399329 0.657467 0.22567 4 2 0
-0.00399329 0.657455 0.22567 4 2 0
-0.00399329 0.657376 0.22567 4 2 0
-0.00399329 0.657482 0.22567 4 2 0
-0.00399329 0.657291 0.22567 4 2 0
-0.00399329 0.657475 0.22567 4 2 0
-0.00399329 0.657267 0.22567 4 2 0
-0.00399329 0.65746 0.22567 4 2 0
-0.00399329 0.657409 0.22567 4 2 0
-0.00399329 0.657525 0.22567 4 2 0
-0.00399329 0.657462 0.22567 4 2 0
-0.00399329 0.657168 0.22567 4 2 0
-0.00399329 0.657523 0.22567 4 2 0
-0.00399329 0.657525 0.22567 4 2 0
-0.00399329 0.657217 0.22567 4 2 0
-0.00399329 0.657523 0.22567 4 2 0
-0.00399329 0.657431 0.22567 4 2 0
-0.00399329 0.65697 0.22567 4 2 0
-0.00399329 0.657519 0.22567 4 2 0
-0.00399329 0.65745 0.22567 4 2 0
-0.00399329 0.657505 0.22567 4 2 0
-0.00399329 0.657148 0.22567 4 2 0
-0.00399329 0.657362 0.22567 4 2 0
-0.0039933 0.657238 0.22567 4 2 0
-0.00399329 0.657375 0.22567 4 2 0
-0.00399326 0.657511 0.22567 4 2 0
-0.00399421 0.657065 0.225677 4 2 0
-0.00399328 0.657514 0.22567 4 2 0
-0.00399367 0.657422 0.225673 4 2 0
-0.00402123 0.655795 0.225875 4 2 0
-0.00402123 0.657022 0.225875 4 2 0
