5 1.38921 1.38921 2 1 0
5.00966 1.38663 1.38663 1 1 0
5.01933 1.38406 1.38406 1 1 0
5.02899 1.38149 1.38149 1 1 0
5.03866 1.37894 1.37894 1 1 0
5.04833 1.3764 1.3764 1 1 0
5.058 1.37386 1.37386 1 1 0
5.06768 1.37134 1.37134 1 1 0
5.07736 1.36882 1.36882 1 1 0
5.08704 1.36631 1.36631 1 1 0
5.09672 1.36381 1.36381 1 1 0
5.1064 1.36131 1.36131 1 1 0
5.11609 1.35883 1.35883 1 1 0
5.12578 1.35635 1.35635 1 1 0
5.13547 1.35389 1.35389 1 1 0
5.14516 1.35143 1.35143 1 1 0
5.15486 1.34898 1.34898 1 1 0
5.16456 1.34653 1.34653 1 1 0
5.17425 1.3441 1.3441 1 1 0
5.18396 1.34167 1.34167 1 1 0
5.19366 1.33925 1.33925 1 1 0
5.20336 1.33684 1.33684 1 1 0
5.21307 1.33444 1.33444 1 1 0
5.22278 1.33205 1.33205 1 1 0
5.23249 1.32966 1.32966 1 1 0
5.24221 1.32728 1.32728 1 1 0
5.25192 1.32491 1.32491 1 1 0
5.26164 1.32255 1.32255 1 1 0
5.27136 1.3202 1.3202 1 1 0
5.28108 1.31785 1.31785 1 1 0
5.2908 1.31551 1.31551 1 1 0
5.30052 1.31318 1.31318 1 1 0
5.31025 1.31086 1.31086 1 1 0
5.31998 1.30854 1.30854 1 1 0
5.32971 1.30623 1.30623 1 1 0
5.33944 1.30393 1.30393 1 1 0
5.34917 1.30164 1.30164 1 1 0
5.35891 1.29935 1.29935 1 1 0
5.36865 1.29707 1.29707 1 1 0
5.37838 1.2948 1.2948 1 1 0
5.38813 1.29254 1.29254 1 1 0
5.39787 1.29028 1.29028 1 1 0
5.40761 1.28804 1.28804 1 1 0
5.41736 1.2858 1.2858 1 1 0
5.4271 1.28356 1.28356 1 1 0
5.43685 1.28133 1.28133 1 1 0
5.4466 1.27911 1.27911 1 1 0
5.45636 1.2769 1.2769 1 1 0
5.46611 1.2747 1.2747 1 1 0
5.47587 1.2725 1.2725 1 1 0
5.48562 1.27031 1.27031 1 1 0
5.49538 1.26812 1.26812 1 1 0
5.50514 1.26595 1.26595 1 1 0
5.5149 1.26378 1.26378 1 1 0
5.52467 1.26161 1.26161 1 1 0
5.53443 1.25946 1.25946 1 1 0
5.5442 1.25731 1.25731 1 1 0
5.55396 1.25517 1.25517 1 1 0
5.56373 1.25303 1.25303 1 1 0
5.5735 1.2509 1.2509 1 1 0
5.58328 1.24878 1.24878 1 1 0
5.59305 1.24666 1.24666 1 1 0
5.60283 1.24455 1.24455 1 1 0
5.6126 1.24245 1.24245 1 1 0
5.62238 1.24036 1.24036 1 1 0
5.63216 1.23827 1.23827 1 1 0
5.64194 1.23619 1.23619 1 1 0
5.65172 1.23411 1.23411 1 1 0
5.66151 1.23204 1.23204 1 1 0
5.67129 1.22998 1.22998 1 1 0
5.68108 1.22792 1.22792 1 1 0
5.69087 1.22587 1.22587 1 1 0
5.70065 1.22383 1.22383 1 1 0
5.71044 1.22179 1.22179 1 1 0
5.72024 1.21976 1.21976 1 1 0
5.73003 1.21774 1.21774 1 1 0
5.73982 1.21572 1.21572 1 1 0
5.74962 1.21371 1.21371 1 1 0
5.75942 1.2117 1.2117 1 1 0
5.76921 1.2097 1.2097 1 1 0
5.77901 1.20771 1.20771 1 1 0
5.78881 1.20572 1.20572 1 1 0
5.79862 1.20374 1.20374 1 1 0
5.80842 1.20176 1.20176 1 1 0
5.81822 1.1998 1.1998 1 1 0
5.82803 1.19783 1.19783 1 1 0
5.83783 1.19588 1.19588 1 1 0
5.84764 1.19392 1.19392 1 1 0
5.85745 1.19198 1.19198 1 1 0
5.86726 1.19004 1.19004 1 1 0
5.87707 1.18811 1.18811 1 1 0
5.88689 1.18618 1.18618 1 1 0
5.8967 1.18426 1.18426 1 1 0
5.90651 1.18234 1.18234 1 1 0
5.91633 1.18043 1.18043 1 1 0
5.92615 1.17853 1.17853 1 1 0
5.93597 1.17663 1.17663 1 1 0
5.94578 1.17474 1.17474 1 1 0
5.9556 1.17285 1.17285 1 1 0
5.96543 1.17097 1.17097 1 1 0
5.97525 1.16909 1.16909 1 1 0
5.98507 1.16722 1.16722 1 1 0
5.9949 1.16536 1.16536 1 1 0
6.00472 1.1635 1.1635 1 1 0
6.01455 1.16164 1.16164 1 1 0
6.02438 1.1598 1.1598 1 1 0
6.03421 1.15795 1.15795 1 1 0
6.04404 1.15612 1.15612 1 1 0
6.05387 1.15428 1.15428 1 1 0
6.0637 1.15246 1.15246 1 1 0
6.07353 1.15064 1.15064 1 1 0
6.08336 1.14882 1.14882 1 1 0
6.0932 1.14701 1.14701 1 1 0
6.10304 1.14521 1.14521 1 1 0
6.11287 1.14341 1.14341 1 1 0
6.12271 1.14161 1.14161 1 1 0
6.13255 1.13982 1.13982 1 1 0
6.14239 1.13804 1.13804 1 1 0
6.15223 1.13626 1.13626 1 1 0
6.16207 1.13449 1.13449 1 1 0
6.17191 1.13272 1.13272 1 1 0
6.18176 1.13095 1.13095 1 1 0
6.1916 1.1292 1.1292 1 1 0
6.20144 1.12744 1.12744 1 1 0
6.21129 1.1257 1.1257 1 1 0
6.22114 1.12395 1.12395 1 1 0
6.23099 1.12221 1.12221 1 1 0
6.24083 1.12048 1.12048 1 1 0
6.25068 1.11875 1.11875 1 1 0
6.26053 1.11703 1.11703 1 1 0
6.27039 1.11531 1.11531 1 1 0
6.28024 1.1136 1.1136 1 1 0
6.29009 1.11189 1.11189 1 1 0
6.29994 1.11019 1.11019 1 1 0
6.3098 1.10849 1.10849 1 1 0
6.31965 1.10679 1.10679 1 1 0
6.32951 1.1051 1.1051 1 1 0
6.33937 1.10342 1.10342 1 1 0
6.34923 1.10174 1.10174 1 1 0
6.35908 1.10006 1.10006 1 1 0
6.36894 1.09839 1.09839 1 1 0
6.3788 1.09673 1.09673 1 1 0
6.38867 1.09507 1.09507 1 1 0
6.39853 1.09341 1.09341 1 1 0
6.40839 1.09176 1.09176 1 1 0
6.41825 1.09011 1.09011 1 1 0
6.42812 1.08847 1.08847 1 1 0
6.43798 1.08683 1.08683 1 1 0
6.44785 1.0852 1.0852 1 1 0
6.45771 1.08357 1.08357 1 1 0
6.46758 1.08194 1.08194 1 1 0
6.47745 1.08032 1.08032 1 1 0
6.48732 1.07871 1.07871 1 1 0
6.49719 1.0771 1.0771 1 1 0
6.50706 1.07549 1.07549 1 1 0
6.51693 1.07389 1.07389 1 1 0
6.5268 1.07229 1.07229 1 1 0
6.53667 1.07069 1.07069 1 1 0
6.54654 1.06911 1.06911 1 1 0
6.55642 1.06752 1.06752 1 1 0
6.56629 1.06594 1.06594 1 1 0
6.57617 1.06436 1.06436 1 1 0
6.58604 1.06279 1.06279 1 1 0
6.59592 1.06122 1.06122 1 1 0
6.6058 1.05966 1.05966 1 1 0
6.61567 1.0581 1.0581 1 1 0
6.62555 1.05654 1.05654 1 1 0
6.63543 1.05499 1.05499 1 1 0
6.64531 1.05345 1.05345 1 1 0
6.65519 1.0519 1.0519 1 1 0
6.66507 1.05036 1.05036 1 1 0
6.67495 1.04883 1.04883 1 1 0
6.68484 1.0473 1.0473 1 1 0
6.69472 1.04577 1.04577 1 1 0
6.7046 1.04425 1.04425 1 1 0
6.71449 1.04273 1.04273 1 1 0
6.72437 1.04122 1.04122 1 1 0
6.73426 1.03971 1.03971 1 1 0
6.74414 1.0382 1.0382 1 1 0
6.75403 1.0367 1.0367 1 1 0
6.76392 1.0352 1.0352 1 1 0
6.7738 1.0337 1.0337 1 1 0
6.78369 1.03221 1.03221 1 1 0
6.79358 1.03073 1.03073 1 1 0
6.80347 1.02924 1.02924 1 1 0
6.81336 1.02776 1.02776 1 1 0
6.82325 1.02629 1.02629 1 1 0
6.83314 1.02482 1.02482 1 1 0
6.84303 1.02335 1.02335 1 1 0
6.85292 1.02188 1.02188 1 1 0
6.86282 1.02042 1.02042 1 1 0
6.87271 1.01897 1.01897 1 1 0
6.8826 1.01751 1.01751 1 1 0
6.8925 1.01606 1.01606 1 1 0
6.90239 1.01462 1.01462 1 1 0
6.91229 1.01318 1.01318 1 1 0
6.92219 1.01174 1.01174 1 1 0
6.93208 1.0103 1.0103 1 1 0
6.94198 1.00887 1.00887 1 1 0
6.95188 1.00745 1.00745 1 1 0
6.96178 1.00602 1.00602 1 1 0
6.97167 1.0046 1.0046 1 1 0
6.98157 1.00319 1.00319 1 1 0
6.99147 1.00177 1.00177 1 1 0
7.00137 1.00036 1.00036 1 1 0
7.01127 0.998958 0.998958 1 1 0
7.02117 0.997555 0.997555 1 1 0
7.03108 0.996156 0.996156 1 1 0
7.04098 0.99476 0.99476 1 1 0
7.05088 0.993368 0.993368 1 1 0
7.06078 0.99198 0.99198 1 1 0
7.07069 0.990594 0.990594 1 1 0
7.08059 0.989213 0.989213 1 1 0
7.0905 0.987834 0.987834 1 1 0
7.1004 0.986459 0.986459 1 1 0
7.11031 0.985087 0.985087 1 1 0
7.12021 0.983719 0.983719 1 1 0
7.13012 0.982354 0.982354 1 1 0
7.14003 0.980992 0.980992 1 1 0
7.14993 0.979634 0.979634 1 1 0
7.15984 0.978279 0.978279 1 1 0
7.16975 0.976927 0.976927 1 1 0
7.17966 0.975578 0.975578 1 1 0
7.18957 0.974233 0.974233 1 1 0
7.19948 0.97289 0.97289 1 1 0
7.20939 0.971551 0.971551 1 1 0
7.2193 0.970216 0.970216 1 1 0
7.22921 0.968883 0.968883 1 1 0
7.23912 0.967554 0.967554 1 1 0
7.24903 0.966227 0.966227 1 1 0
7.25894 0.964904 0.964904 1 1 0
7.26885 0.963584 0.963584 1 1 0
7.27877 0.962267 0.962267 1 1 0
7.28868 0.960953 0.960953 1 1 0
7.29859 0.959642 0.959642 1 1 0
7.30851 0.958335 0.958335 1 1 0
7.31842 0.95703 0.95703 1 1 0
7.32834 0.955728 0.955728 1 1 0
7.33825 0.95443 0.95443 1 1 0
7.34817 0.953134 0.953134 1 1 0
7.35809 0.951842 0.951842 1 1 0
7.368 0.950552 0.950552 1 1 0
7.37792 0.949265 0.949265 1 1 0
7.38784 0.947982 0.947982 1 1 0
7.39775 0.946701 0.946701 1 1 0
7.40767 0.945423 0.945423 1 1 0
7.41759 0.944148 0.944148 1 1 0
7.42751 0.942876 0.942876 1 1 0
7.43743 0.941607 0.941607 1 1 0
7.44735 0.940341 0.940341 1 1 0
7.45727 0.939077 0.939077 1 1 0
7.46719 0.937817 0.937817 1 1 0
7.47711 0.936559 0.936559 1 1 0
7.48703 0.935304 0.935304 1 1 0
7.49695 0.934052 0.934052 1 1 0
7.50687 0.932803 0.932803 1 1 0
7.51679 0.931556 0.931556 1 1 0
7.52672 0.930312 0.930312 1 1 0
7.53664 0.929071 0.929071 1 1 0
7.54656 0.927833 0.927833 1 1 0
7.55649 0.926597 0.926597 1 1 0
7.56641 0.925365 0.925365 1 1 0
7.57633 0.924134 0.924134 1 1 0
7.58626 0.922907 0.922907 1 1 0
7.59618 0.921682 0.921682 1 1 0
7.60611 0.92046 0.92046 1 1 0
7.61603 0.91924 0.91924 1 1 0
7.62596 0.918024 0.918024 1 1 0
7.63588 0.916809 0.916809 1 1 0
7.64581 0.915598 0.915598 1 1 0
7.65574 0.914389 0.914389 1 1 0
7.66566 0.913182 0.913182 1 1 0
7.67559 0.911978 0.911978 1 1 0
7.68552 0.910777 0.910777 1 1 0
7.69545 0.909578 0.909578 1 1 0
7.70538 0.908382 0.908382 1 1 0
7.7153 0.907188 0.907188 1 1 0
7.72523 0.905997 0.905997 1 1 0
7.73516 0.904808 0.904808 1 1 0
7.74509 0.903622 0.903622 1 1 0
7.75502 0.902438 0.902438 1 1 0
7.76495 0.901257 0.901257 1 1 0
7.77488 0.900078 0.900078 1 1 0
7.78481 0.898902 0.898902 1 1 0
7.79474 0.897728 0.897728 1 1 0
7.80467 0.896556 0.896556 1 1 0
7.8146 0.895387 0.895387 1 1 0
7.82454 0.89422 0.89422 1 1 0
7.83447 0.893055 0.893055 1 1 0
7.8444 0.891893 0.891893 1 1 0
7.85433 0.890734 0.890734 1 1 0
7.86427 0.889576 0.889576 1 1 0
7.8742 0.888421 0.888421 1 1 0
7.88413 0.887268 0.887268 1 1 0
7.89407 0.886118 0.886118 1 1 0
7.904 0.88497 0.88497 1 1 0
7.91393 0.883824 0.883824 1 1 0
7.92387 0.88268 0.88268 1 1 0
7.9338 0.881539 0.881539 1 1 0
7.94374 0.880399 0.880399 1 1 0
7.95367 0.879263 0.879263 1 1 0
7.96361 0.878128 0.878128 1 1 0
7.97354 0.876995 0.876995 1 1 0
7.98348 0.875865 0.875865 1 1 0
7.99342 0.874737 0.874737 1 1 0
8.00335 0.873611 0.873611 1 1 0
8.01329 0.872487 0.872487 1 1 0
8.02323 0.871365 0.871365 1 1 0
8.03316 0.870246 0.870246 1 1 0
8.0431 0.869128 0.869128 1 1 0
8.05304 0.868013 0.868013 1 1 0
8.06298 0.8669 0.8669 1 1 0
8.07291 0.865789 0.865789 1 1 0
8.08285 0.86468 0.86468 1 1 0
8.09279 0.863573 0.863573 1 1 0
8.10273 0.862468 0.862468 1 1 0
8.11267 0.861365 0.861365 1 1 0
8.12261 0.860264 0.860264 1 1 0
8.13255 0.859165 0.859165 1 1 0
8.14249 0.858068 0.858068 1 1 0
8.15243 0.856973 0.856973 1 1 0
8.16237 0.855881 0.855881 1 1 0
8.17231 0.85479 0.85479 1 1 0
8.18225 0.853701 0.853701 1 1 0
8.19219 0.852614 0.852614 1 1 0
8.20213 0.851529 0.851529 1 1 0
8.21207 0.850445 0.850445 1 1 0
8.22201 0.849364 0.849364 1 1 0
8.23195 0.848285 0.848285 1 1 0
8.24189 0.847207 0.847207 1 1 0
8.25184 0.846132 0.846132 1 1 0
8.26178 0.845058 0.845058 1 1 0
8.27172 0.843986 0.843986 1 1 0
8.28166 0.842916 0.842916 1 1 0
8.29161 0.841848 0.841848 1 1 0
8.30155 0.840782 0.840782 1 1 0
8.31149 0.839717 0.839717 1 1 0
8.32144 0.838654 0.838654 1 1 0
8.33138 0.837593 0.837593 1 1 0
8.34132 0.836534 0.836534 1 1 0
8.35127 0.835476 0.835476 1 1 0
8.36121 0.834421 0.834421 1 1 0
8.37115 0.833367 0.833367 1 1 0
8.3811 0.832314 0.832314 1 1 0
8.39104 0.831264 0.831264 1 1 0
8.40099 0.830215 0.830215 1 1 0
8.41093 0.829168 0.829168 1 1 0
8.42088 0.828122 0.828122 1 1 0
8.43082 0.827078 0.827078 1 1 0
8.44077 0.826036 0.826036 1 1 0
8.45072 0.824996 0.824996 1 1 0
8.46066 0.823957 0.823957 1 1 0
8.47061 0.822919 0.822919 1 1 0
8.48055 0.821884 0.821884 1 1 0
8.4905 0.82085 0.82085 1 1 0
8.50045 0.819817 0.819817 1 1 0
8.51039 0.818786 0.818786 1 1 0
8.52034 0.817757 0.817757 1 1 0
8.53029 0.816729 0.816729 1 1 0
8.54023 0.815703 0.815703 1 1 0
8.55018 0.814678 0.814678 1 1 0
8.56013 0.813655 0.813655 1 1 0
8.57008 0.812633 0.812633 1 1 0
8.58002 0.811612 0.811612 1 1 0
8.58997 0.810594 0.810594 1 1 0
8.59992 0.809576 0.809576 1 1 0
8.60987 0.80856 0.80856 1 1 0
8.61982 0.807546 0.807546 1 1 0
8.62976 0.806533 0.806533 1 1 0
8.63971 0.805521 0.805521 1 1 0
8.64966 0.804511 0.804511 1 1 0
8.65961 0.803502 0.803502 1 1 0
8.66956 0.802494 0.802494 1 1 0
8.67951 0.801488 0.801488 1 1 0
8.68946 0.800483 0.800483 1 1 0
8.69941 0.79948 0.79948 1 1 0
8.70936 0.798478 0.798478 1 1 0
8.71931 0.797477 0.797477 1 1 0
8.72926 0.796477 0.796477 1 1 0
8.73921 0.795479 0.795479 1 1 0
8.74916 0.794482 0.794482 1 1 0
8.75911 0.793487 0.793487 1 1 0
8.76906 0.792492 0.792492 1 1 0
8.77901 0.791499 0.791499 1 1 0
8.78896 0.790507 0.790507 1 1 0
8.79891 0.789516 0.789516 1 1 0
8.80886 0.788526 0.788526 1 1 0
8.81881 0.787538 0.787538 1 1 0
8.82876 0.786551 0.786551 1 1 0
8.83871 0.785564 0.785564 1 1 0
8.84866 0.784579 0.784579 1 1 0
8.85861 0.783596 0.783596 1 1 0
8.86857 0.782613 0.782613 1 1 0
8.87852 0.781631 0.781631 1 1 0
8.88847 0.780651 0.780651 1 1 0
8.89842 0.779671 0.779671 1 1 0
8.90837 0.778693 0.778693 1 1 0
8.91833 0.777715 0.777715 1 1 0
8.92828 0.776739 0.776739 1 1 0
8.93823 0.775763 0.775763 1 1 0
8.94818 0.774789 0.774789 1 1 0
8.95813 0.773816 0.773816 1 1 0
8.96809 0.772843 0.772843 1 1 0
8.97804 0.771872 0.771872 1 1 0
8.98799 0.770901 0.770901 1 1 0
8.99794 0.769932 0.769932 1 1 0
9.0079 0.768963 0.768963 1 1 0
9.01785 0.767995 0.767995 1 1 0
9.0278 0.767028 0.767028 1 1 0
9.03776 0.766062 0.766062 1 1 0
9.04771 0.765097 0.765097 1 1 0
9.05766 0.764132 0.764132 1 1 0
9.06762 0.763169 0.763169 1 1 0
9.07757 0.762206 0.762206 1 1 0
9.08752 0.761244 0.761244 1 1 0
9.09748 0.760283 0.760283 1 1 0
9.10743 0.759322 0.759322 1 1 0
9.11738 0.758362 0.758362 1 1 0
9.12734 0.757403 0.757403 1 1 0
9.13729 0.756445 0.756445 1 1 0
9.14724 0.755487 0.755487 1 1 0
9.1572 0.75453 0.75453 1 1 0
9.16715 0.753574 0.753574 1 1 0
9.17711 0.752618 0.752618 1 1 0
9.18706 0.751663 0.751663 1 1 0
9.19701 0.750709 0.750709 1 1 0
9.20697 0.749755 0.749755 1 1 0
9.21692 0.748801 0.748801 1 1 0
9.22688 0.747848 0.747848 1 1 0
9.23683 0.746896 0.746896 1 1 0
9.24678 0.745944 0.745944 1 1 0
9.25674 0.744993 0.744993 1 1 0
9.26669 0.744042 0.744042 1 1 0
9.27665 0.743091 0.743091 1 1 0
9.2866 0.742141 0.742141 1 1 0
9.29656 0.741192 0.741192 1 1 0
9.30651 0.740242 0.740242 1 1 0
9.31647 0.739293 0.739293 1 1 0
9.32642 0.738345 0.738345 1 1 0
9.33637 0.737397 0.737397 1 1 0
9.34633 0.736449 0.736449 1 1 0
9.35628 0.735501 0.735501 1 1 0
9.36624 0.734553 0.734553 1 1 0
9.37619 0.733606 0.733606 1 1 0
9.38615 0.732659 0.732659 1 1 0
9.3961 0.731712 0.731712 1 1 0
9.40606 0.730766 0.730766 1 1 0
9.41601 0.729819 0.729819 1 1 0
9.42597 0.728872 0.728872 1 1 0
9.43592 0.727926 0.727926 1 1 0
9.44587 0.72698 0.72698 1 1 0
9.45583 0.726033 0.726033 1 1 0
9.46578 0.725087 0.725087 1 1 0
9.47574 0.724141 0.724141 1 1 0
9.48569 0.723194 0.723194 1 1 0
9.49565 0.722248 0.722248 1 1 0
9.5056 0.721301 0.721301 1 1 0
9.51556 0.720354 0.720354 1 1 0
9.52551 0.719407 0.719407 1 1 0
9.53547 0.71846 0.71846 1 1 0
9.54542 0.717513 0.717513 1 1 0
9.55537 0.716565 0.716565 1 1 0
9.56533 0.715617 0.715617 1 1 0
9.57528 0.714669 0.714669 1 1 0
9.58524 0.713721 0.713721 1 1 0
9.59519 0.712772 0.712772 1 1 0
9.60515 0.711822 0.711822 1 1 0
9.6151 0.710872 0.710872 1 1 0
9.62505 0.709922 0.709922 1 1 0
9.63501 0.708971 0.708971 1 1 0
9.64496 0.70802 0.70802 1 1 0
9.65491 0.707068 0.707068 1 1 0
9.66487 0.706115 0.706115 1 1 0
9.67482 0.705162 0.705162 1 1 0
9.68478 0.704208 0.704208 1 1 0
9.69473 0.703253 0.703253 1 1 0
9.70468 0.702297 0.702297 1 1 0
9.71464 0.70134 0.70134 1 1 0
9.72459 0.700383 0.700383 1 1 0
9.73454 0.699424 0.699424 1 1 0
9.74449 0.698465 0.698465 1 1 0
9.75445 0.697505 0.697505 1 1 0
9.7644 0.696543 0.696543 1 1 0
9.77435 0.69558 0.69558 1 1 0
9.7843 0.694616 0.694616 1 1 0
9.79426 0.693651 0.693651 1 1 0
9.80421 0.692685 0.692685 1 1 0
9.81416 0.691717 0.691717 1 1 0
9.82411 0.690748 0.690748 1 1 0
9.83406 0.689777 0.689777 1 1 0
9.84401 0.688805 0.688805 1 1 0
9.85397 0.687831 0.687831 1 1 0
9.86392 0.686855 0.686855 1 1 0
9.87387 0.685878 0.685878 1 1 0
9.88382 0.684899 0.684899 1 1 0
9.89377 0.683918 0.683918 1 1 0
9.90372 0.682935 0.682935 1 1 0
9.91367 0.68195 0.68195 1 1 0
9.92362 0.680963 0.680963 1 1 0
9.93357 0.679974 0.679974 1 1 0
9.94351 0.678982 0.678982 1 1 0
9.95346 0.677988 0.677988 1 1 0
9.96341 0.676992 0.676992 1 1 0
9.97336 0.675993 0.675993 1 1 0
9.98331 0.674991 0.674991 1 1 0
9.99325 0.673987 0.673987 1 1 0
10.0032 0.67298 0.67298 1 1 0
10.0131 0.671969 0.671969 1 1 0
10.0231 0.670956 0.670956 1 1 0
10.033 0.66994 0.66994 1 1 0
10.043 0.66892 0.66892 1 1 0
10.0529 0.667897 0.667897 1 1 0
10.0629 0.66687 0.66687 1 1 0
10.0728 0.665839 0.665839 1 1 0
10.0828 0.664805 0.664805 1 1 0
10.0927 0.663766 0.663766 1 1 0
10.1026 0.662724 0.662724 1 1 0
10.1126 0.661677 0.661677 1 1 0
10.1225 0.660625 0.660625 1 1 0
10.1325 0.659569 0.659569 1 1 0
10.1424 0.658508 0.658508 1 1 0
10.1524 0.657441 0.657441 1 1 0
10.1623 0.65637 0.65637 1 1 0
10.1722 0.655293 0.655293 1 1 0
10.1822 0.65421 0.65421 1 1 0
10.1921 0.653121 0.653121 1 1 0
10.202 0.652026 0.652026 1 1 0
10.212 0.650924 0.650924 1 1 0
10.2219 0.649816 0.649816 1 1 0
10.2318 0.6487 0.6487 1 1 0
10.2418 0.647577 0.647577 1 1 0
10.2517 0.646446 0.646446 1 1 0
10.2616 0.645306 0.645306 1 1 0
10.2716 0.644158 0.644158 1 1 0
10.2815 0.643002 0.643002 1 1 0
10.2914 0.641835 0.641835 1 1 0
10.3013 0.640659 0.640659 1 1 0
10.3113 0.639472 0.639472 1 1 0
10.3212 0.638274 0.638274 1 1 0
10.3311 0.637064 0.637064 1 1 0
10.341 0.635842 0.635842 1 1 0
10.3509 0.634607 0.634607 1 1 0
10.3608 0.633358 0.633358 1 1 0
10.3707 0.632094 0.632094 1 1 0
10.3807 0.630815 0.630815 1 1 0
10.3906 0.629519 0.629519 1 1 0
10.4005 0.628205 0.628205 1 1 0
10.4104 0.626872 0.626872 1 1 0
10.4202 0.625519 0.625519 1 1 0
10.4301 0.624144 0.624144 1 1 0
10.44 0.622745 0.622745 1 1 0
10.4499 0.62132 0.62132 1 1 0
10.4598 0.619867 0.619867 1 1 0
10.4697 0.618384 0.618384 1 1 0
10.4795 0.616867 0.616867 1 1 0
10.4894 0.615313 0.615313 1 1 0
10.4992 0.613719 0.613719 1 1 0
10.5091 0.612079 0.612079 1 1 0
10.5189 0.610387 0.610387 1 1 0
10.5287 0.608638 0.608638 1 1 0
10.5385 0.606822 0.606822 1 1 0
10.5483 0.604928 0.604928 1 1 0
10.558 0.602943 0.602943 1 1 0
10.5677 0.600849 0.600849 1 1 0
10.5774 0.598621 0.598621 1 1 0
10.587 0.596223 0.596223 1 1 0
10.5965 0.593602 0.593602 1 1 0
10.6059 0.590669 0.590669 1 1 0
10.6151 0.587262 0.587262 1 1 0
10.6237 0.58302 0.58302 1 1 0
10.6303 0.576887 0.576887 1 1 0
10.6308 0.574502 0.574502 1 1 0
10.626 0.567697 0.567697 2 1 0
10.6177 0.563417 0.563417 2 1 0
10.6088 0.560186 0.560186 2 1 0
10.5995 0.557513 0.557513 2 1 0
10.59 0.555192 0.555192 2 1 0
10.5805 0.553118 0.553118 2 1 0
10.5708 0.551227 0.551227 2 1 0
10.5612 0.549479 0.549479 2 1 0
10.5515 0.547846 0.547846 2 1 0
10.5417 0.546309 0.546309 2 1 0
10.532 0.544852 0.544852 2 1 0
10.5222 0.543462 0.543462 2 1 0
10.5124 0.542132 0.542132 2 1 0
10.5026 0.540853 0.540853 2 1 0
10.4928 0.539618 0.539618 2 1 0
10.483 0.538424 0.538424 2 1 0
10.4732 0.537266 0.537266 2 1 0
10.4633 0.536139 0.536139 2 1 0
10.4535 0.53504 0.53504 2 1 0
10.4436 0.533967 0.533967 2 1 0
10.4338 0.532917 0.532917 2 1 0
10.4239 0.531888 0.531888 2 1 0
10.4141 0.530877 0.530877 2 1 0
10.4042 0.529883 0.529883 2 1 0
10.3944 0.528903 0.528903 2 1 0
10.3845 0.527937 0.527937 2 1 0
10.3747 0.526982 0.526982 2 1 0
10.3648 0.526037 0.526037 2 1 0
10.3549 0.525101 0.525101 2 1 0
10.3451 0.524172 0.524172 2 1 0
10.3352 0.523249 0.523249 2 1 0
10.3254 0.52233 0.52233 2 1 0
10.3155 0.521413 0.521413 2 1 0
10.3056 0.520498 0.520498 2 1 0
10.2958 0.519582 0.519582 2 1 0
10.2859 0.518664 0.518664 2 1 0
10.2761 0.517742 0.517742 2 1 0
10.2663 0.516813 0.516813 2 1 0
10.2564 0.515875 0.515875 2 1 0
10.2466 0.514925 0.514925 2 1 0
10.2368 0.51396 0.51396 2 1 0
10.227 0.512975 0.512975 2 1 0
10.2172 0.511965 0.511965 2 1 0
10.2074 0.510923 0.510923 2 1 0
10.1976 0.509838 0.509838 2 1 0
10.1879 0.508698 0.508698 2 1 0
10.1782 0.507482 0.507482 2 1 0
10.1686 0.506155 0.506155 2 1 0
10.1591 0.504653 0.504653 2 1 0
10.15 0.50282 0.50282 2 1 0
10.1421 0.499997 0.499997 2 1 0
10.1415 0.499069 0.499069 2 1 0
10.1441 0.497163 0.497163 2 1 0
10.1488 0.495915 0.495915 2 1 0
10.1544 0.494933 0.494933 2 1 0
10.163 0.493809 0.493809 2 1 0
10.1728 0.49283 0.49283 2 1 0
10.1826 0.492012 0.492012 2 1 0
10.1924 0.491301 0.491301 2 1 0
10.2023 0.490667 0.490667 2 1 0
10.2122 0.490093 0.490093 2 1 0
10.2221 0.489566 0.489566 2 1 0
10.2321 0.489078 0.489078 2 1 0
10.242 0.488622 0.488622 2 1 0
10.2519 0.488195 0.488195 2 1 0
10.2619 0.487791 0.487791 2 1 0
10.2718 0.487408 0.487408 2 1 0
10.2818 0.487043 0.487043 2 1 0
10.2918 0.486695 0.486695 2 1 0
10.3017 0.486362 0.486362 2 1 0
10.3117 0.486043 0.486043 2 1 0
10.3217 0.485736 0.485736 2 1 0
10.3316 0.485439 0.485439 2 1 0
10.3416 0.485153 0.485153 2 1 0
10.3516 0.484877 0.484877 2 1 0
10.3616 0.484609 0.484609 2 1 0
10.3715 0.48435 0.48435 2 1 0
10.3815 0.484098 0.484098 2 1 0
10.3915 0.483853 0.483853 2 1 0
10.4015 0.483615 0.483615 2 1 0
10.4115 0.483383 0.483383 2 1 0
10.4214 0.483157 0.483157 2 1 0
10.4314 0.482937 0.482937 2 1 0
10.4414 0.482721 0.482721 2 1 0
10.4514 0.482511 0.482511 2 1 0
10.4614 0.482306 0.482306 2 1 0
10.4714 0.482105 0.482105 2 1 0
10.4814 0.481908 0.481908 2 1 0
10.4913 0.481715 0.481715 2 1 0
10.5013 0.481527 0.481527 2 1 0
10.5113 0.481342 0.481342 2 1 0
10.5213 0.48116 0.48116 2 1 0
10.5313 0.480982 0.480982 2 1 0
10.5413 0.480807 0.480807 2 1 0
10.5513 0.480635 0.480635 2 1 0
10.5613 0.480467 0.480467 2 1 0
10.5713 0.480301 0.480301 2 1 0
10.5812 0.480138 0.480138 2 1 0
10.5912 0.479978 0.479978 2 1 0
10.6012 0.47982 0.47982 2 1 0
10.6112 0.479665 0.479665 2 1 0
10.6212 0.479512 0.479512 2 1 0
10.6312 0.479361 0.479361 2 1 0
10.6412 0.479213 0.479213 2 1 0
10.6512 0.479067 0.479067 2 1 0
10.6612 0.478923 0.478923 2 1 0
10.6712 0.478781 0.478781 2 1 0
10.6812 0.478641 0.478641 2 1 0
10.6912 0.478503 0.478503 2 1 0
10.7012 0.478367 0.478367 2 1 0
10.7111 0.478232 0.478232 2 1 0
10.7211 0.4781 0.4781 2 1 0
10.7311 0.477969 0.477969 2 1 0
10.7411 0.477839 0.477839 2 1 0
10.7511 0.477712 0.477712 2 1 0
10.7611 0.477586 0.477586 2 1 0
10.7711 0.477461 0.477461 2 1 0
10.7811 0.477338 0.477338 2 1 0
10.7911 0.477216 0.477216 2 1 0
10.8011 0.477096 0.477096 2 1 0
10.8111 0.476977 0.476977 2 1 0
10.8211 0.47686 0.47686 2 1 0
10.8311 0.476744 0.476744 2 1 0
10.8411 0.476629 0.476629 2 1 0
10.8511 0.476515 0.476515 2 1 0
10.8611 0.476402 0.476402 2 1 0
10.8711 0.476291 0.476291 2 1 0
10.8811 0.476181 0.476181 2 1 0
10.8911 0.476072 0.476072 2 1 0
10.901 0.475964 0.475964 2 1 0
10.911 0.475858 0.475858 2 1 0
10.921 0.475752 0.475752 2 1 0
10.931 0.475647 0.475647 2 1 0
10.941 0.475544 0.475544 2 1 0
10.951 0.475441 0.475441 2 1 0
10.961 0.475339 0.475339 2 1 0
10.971 0.475239 0.475239 2 1 0
10.981 0.475139 0.475139 2 1 0
10.991 0.47504 0.47504 2 1 0
11.001 0.474942 0.474942 2 1 0
11.011 0.474845 0.474845 2 1 0
11.021 0.474749 0.474749 2 1 0
11.031 0.474653 0.474653 2 1 0
11.041 0.474559 0.474559 2 1 0
11.051 0.474465 0.474465 2 1 0
11.061 0.474372 0.474372 2 1 0
11.071 0.47428 0.47428 2 1 0
11.081 0.474189 0.474189 2 1 0
11.091 0.474098 0.474098 2 1 0
11.101 0.474008 0.474008 2 1 0
11.111 0.473919 0.473919 2 1 0
11.121 0.473831 0.473831 2 1 0
11.131 0.473743 0.473743 2 1 0
11.141 0.473656 0.473656 2 1 0
11.151 0.47357 0.47357 2 1 0
11.161 0.473485 0.473485 2 1 0
11.171 0.4734 0.4734 2 1 0
11.181 0.473315 0.473315 2 1 0
11.1909 0.473232 0.473232 2 1 0
11.2009 0.473149 0.473149 2 1 0
11.2109 0.473066 0.473066 2 1 0
11.2209 0.472985 0.472985 2 1 0
11.2309 0.472903 0.472903 2 1 0
11.2409 0.472823 0.472823 2 1 0
11.2509 0.472743 0.472743 2 1 0
11.2609 0.472663 0.472663 2 1 0
11.2709 0.472585 0.472585 2 1 0
11.2809 0.472506 0.472506 2 1 0
11.2909 0.472429 0.472429 2 1 0
11.3009 0.472351 0.472351 2 1 0
11.3109 0.472275 0.472275 2 1 0
11.3209 0.472199 0.472199 2 1 0
11.3309 0.472123 0.472123 2 1 0
11.3409 0.472048 0.472048 2 1 0
11.3509 0.471973 0.471973 2 1 0
11.3609 0.471899 0.471899 2 1 0
11.3709 0.471825 0.471825 2 1 0
11.3809 0.471752 0.471752 2 1 0
11.3909 0.47168 0.47168 2 1 0
11.4009 0.471607 0.471607 2 1 0
11.4109 0.471536 0.471536 2 1 0
11.4209 0.471464 0.471464 2 1 0
11.4309 0.471393 0.471393 2 1 0
11.4409 0.471323 0.471323 2 1 0
11.4509 0.471253 0.471253 2 1 0
11.4609 0.471184 0.471184 2 1 0
11.4709 0.471114 0.471114 2 1 0
11.4809 0.471046 0.471046 2 1 0
11.4909 0.470978 0.470978 2 1 0
11.5009 0.47091 0.47091 2 1 0
11.5109 0.470842 0.470842 2 1 0
11.5209 0.470775 0.470775 2 1 0
11.5309 0.470709 0.470709 2 1 0
11.5409 0.470642 0.470642 2 1 0
11.5509 0.470576 0.470576 2 1 0
11.5609 0.470511 0.470511 2 1 0
11.5709 0.470446 0.470446 2 1 0
11.5809 0.470381 0.470381 2 1 0
11.5909 0.470317 0.470317 2 1 0
11.6009 0.470253 0.470253 2 1 0
11.6109 0.470189 0.470189 2 1 0
11.6209 0.470126 0.470126 2 1 0
11.6309 0.470063 0.470063 2 1 0
11.6409 0.47 0.47 2 1 0
11.6509 0.469938 0.469938 2 1 0
11.6608 0.469876 0.469876 2 1 0
11.6708 0.469814 0.469814 2 1 0
11.6808 0.469753 0.469753 2 1 0
11.6908 0.469692 0.469692 2 1 0
11.7008 0.469632 0.469632 2 1 0
11.7108 0.469571 0.469571 2 1 0
11.7208 0.469511 0.469511 2 1 0
11.7308 0.469452 0.469452 2 1 0
11.7408 0.469392 0.469392 2 1 0
11.7508 0.469333 0.469333 2 1 0
11.7608 0.469274 0.469274 2 1 0
11.7708 0.469216 0.469216 2 1 0
11.7808 0.469158 0.469158 2 1 0
11.7908 0.4691 0.4691 2 1 0
11.8008 0.469042 0.469042 2 1 0
11.8108 0.468985 0.468985 2 1 0
11.8208 0.468928 0.468928 2 1 0
11.8308 0.468872 0.468872 2 1 0
11.8408 0.468815 0.468815 2 1 0
11.8508 0.468759 0.468759 2 1 0
11.8608 0.468703 0.468703 2 1 0
11.8708 0.468647 0.468647 2 1 0
11.8808 0.468592 0.468592 2 1 0
11.8908 0.468537 0.468537 2 1 0
11.9008 0.468482 0.468482 2 1 0
11.9108 0.468428 0.468428 2 1 0
11.9208 0.468373 0.468373 2 1 0
11.9308 0.468319 0.468319 2 1 0
11.9408 0.468266 0.468266 2 1 0
11.9508 0.468212 0.468212 2 1 0
11.9608 0.468159 0.468159 2 1 0
11.9708 0.468106 0.468106 2 1 0
11.9808 0.468053 0.468053 2 1 0
11.9908 0.468 0.468 2 1 0
12.0008 0.467948 0.467948 2 1 0
12.0108 0.467896 0.467896 2 1 0
12.0208 0.467844 0.467844 2 1 0
12.0308 0.467792 0.467792 2 1 0
12.0408 0.467741 0.467741 2 1 0
12.0508 0.46769 0.46769 2 1 0
12.0608 0.467639 0.467639 2 1 0
12.0708 0.467588 0.467588 2 1 0
12.0808 0.467538 0.467538 2 1 0
12.0908 0.467487 0.467487 2 1 0
12.1008 0.467437 0.467437 2 1 0
12.1108 0.467387 0.467387 2 1 0
12.1208 0.467338 0.467338 2 1 0
12.1308 0.467288 0.467288 2 1 0
12.1408 0.467239 0.467239 2 1 0
12.1508 0.46719 0.46719 2 1 0
12.1608 0.467141 0.467141 2 1 0
12.1708 0.467093 0.467093 2 1 0
12.1808 0.467044 0.467044 2 1 0
12.1908 0.466996 0.466996 2 1 0
12.2008 0.466948 0.466948 2 1 0
12.2108 0.4669 0.4669 2 1 0
12.2208 0.466853 0.466853 2 1 0
12.2308 0.466805 0.466805 2 1 0
12.2408 0.466758 0.466758 2 1 0
12.2508 0.466711 0.466711 2 1 0
12.2608 0.466664 0.466664 2 1 0
12.2708 0.466618 0.466618 2 1 0
12.2808 0.466571 0.466571 2 1 0
12.2908 0.466525 0.466525 2 1 0
12.3008 0.466479 0.466479 2 1 0
12.3108 0.466433 0.466433 2 1 0
12.3208 0.466387 0.466387 2 1 0
12.3308 0.466342 0.466342 2 1 0
12.3408 0.466296 0.466296 2 1 0
12.3508 0.466251 0.466251 2 1 0
12.3608 0.466206 0.466206 2 1 0
12.3708 0.466161 0.466161 2 1 0
12.3808 0.466116 0.466116 2 1 0
12.3908 0.466072 0.466072 2 1 0
12.4008 0.466027 0.466027 2 1 0
12.4108 0.465983 0.465983 2 1 0
12.4208 0.465939 0.465939 2 1 0
12.4308 0.465895 0.465895 2 1 0
12.4408 0.465852 0.465852 2 1 0
12.4508 0.465808 0.465808 2 1 0
12.4608 0.465765 0.465765 2 1 0
12.4708 0.465722 0.465722 2 1 0
12.4808 0.465679 0.465679 2 1 0
12.4908 0.465636 0.465636 2 1 0
12.5008 0.465593 0.465593 2 1 0
12.5108 0.46555 0.46555 2 1 0
12.5208 0.465508 0.465508 2 1 0
12.5308 0.465466 0.465466 2 1 0
12.5408 0.465424 0.465424 2 1 0
12.5508 0.465382 0.465382 2 1 0
12.5607 0.46534 0.46534 2 1 0
12.5707 0.465298 0.465298 2 1 0
12.5807 0.465257 0.465257 2 1 0
12.5907 0.465215 0.465215 2 1 0
12.6007 0.465174 0.465174 2 1 0
12.6107 0.465133 0.465133 2 1 0
12.6207 0.465092 0.465092 2 1 0
12.6307 0.465051 0.465051 2 1 0
12.6407 0.46501 0.46501 2 1 0
12.6507 0.46497 0.46497 2 1 0
12.6607 0.46493 0.46493 2 1 0
12.6707 0.464889 0.464889 2 1 0
12.6807 0.464849 0.464849 2 1 0
12.6907 0.464809 0.464809 2 1 0
12.7007 0.464769 0.464769 2 1 0
12.7107 0.46473 0.46473 2 1 0
12.7207 0.46469 0.46469 2 1 0
12.7307 0.464651 0.464651 2 1 0
12.7407 0.464611 0.464611 2 1 0
12.7507 0.464572 0.464572 2 1 0
12.7607 0.464533 0.464533 2 1 0
12.7707 0.464494 0.464494 2 1 0
12.7807 0.464455 0.464455 2 1 0
12.7907 0.464417 0.464417 2 1 0
12.8007 0.464378 0.464378 2 1 0
12.8107 0.46434 0.46434 2 1 0
12.8207 0.464302 0.464302 2 1 0
12.8307 0.464263 0.464263 2 1 0
12.8407 0.464225 0.464225 2 1 0
12.8507 0.464187 0.464187 2 1 0
12.8607 0.46415 0.46415 2 1 0
12.8707 0.464112 0.464112 2 1 0
12.8807 0.464074 0.464074 2 1 0
12.8907 0.464037 0.464037 2 1 0
12.9007 0.464 0.464 2 1 0
12.9107 0.463962 0.463962 2 1 0
12.9207 0.463925 0.463925 2 1 0
12.9307 0.463888 0.463888 2 1 0
12.9407 0.463852 0.463852 2 1 0
12.9507 0.463815 0.463815 2 1 0
12.9607 0.463778 0.463778 2 1 0
12.9707 0.463742 0.463742 2 1 0
12.9807 0.463705 0.463705 2 1 0
12.9907 0.463669 0.463669 2 1 0
13.0007 0.463633 0.463633 2 1 0
13.0107 0.463597 0.463597 2 1 0
13.0207 0.463561 0.463561 2 1 0
13.0307 0.463525 0.463525 2 1 0
13.0407 0.463489 0.463489 2 1 0
13.0507 0.463454 0.463454 2 1 0
13.0607 0.463418 0.463418 2 1 0
13.0707 0.463383 0.463383 2 1 0
13.0807 0.463347 0.463347 2 1 0
13.0907 0.463312 0.463312 2 1 0
13.1007 0.463277 0.463277 2 1 0
13.1107 0.463242 0.463242 2 1 0
13.1207 0.463207 0.463207 2 1 0
13.1307 0.463172 0.463172 2 1 0
13.1407 0.463138 0.463138 2 1 0
13.1507 0.463103 0.463103 2 1 0
13.1607 0.463069 0.463069 2 1 0
13.1707 0.463034 0.463034 2 1 0
13.1807 0.463 0.463 2 1 0
13.1907 0.462966 0.462966 2 1 0
13.2007 0.462932 0.462932 2 1 0
13.2107 0.462898 0.462898 2 1 0
13.2207 0.462864 0.462864 2 1 0
13.2307 0.46283 0.46283 2 1 0
13.2407 0.462796 0.462796 2 1 0
13.2507 0.462763 0.462763 2 1 0
13.2607 0.462729 0.462729 2 1 0
13.2707 0.462696 0.462696 2 1 0
13.2807 0.462662 0.462662 2 1 0
13.2907 0.462629 0.462629 2 1 0
13.3007 0.462596 0.462596 2 1 0
13.3107 0.462563 0.462563 2 1 0
13.3207 0.46253 0.46253 2 1 0
13.3307 0.462497 0.462497 2 1 0
13.3407 0.462464 0.462464 2 1 0
13.3507 0.462432 0.462432 2 1 0
13.3607 0.462399 0.462399 2 1 0
13.3707 0.462367 0.462367 2 1 0
13.3807 0.462334 0.462334 2 1 0
13.3907 0.462302 0.462302 2 1 0
13.4007 0.46227 0.46227 2 1 0
13.4107 0.462237 0.462237 2 1 0
13.4207 0.462205 0.462205 2 1 0
13.4307 0.462173 0.462173 2 1 0
13.4407 0.462141 0.462141 2 1 0
13.4507 0.46211 0.46211 2 1 0
13.4607 0.462078 0.462078 2 1 0
13.4707 0.462046 0.462046 2 1 0
13.4807 0.462015 0.462015 2 1 0
13.4907 0.461983 0.461983 2 1 0
13.5007 0.461952 0.461952 2 1 0
13.5107 0.461921 0.461921 2 1 0
13.5207 0.461889 0.461889 2 1 0
13.5307 0.461858 0.461858 2 1 0
13.5407 0.461827 0.461827 2 1 0
13.5507 0.461796 0.461796 2 1 0
13.5607 0.461765 0.461765 2 1 0
13.5707 0.461734 0.461734 2 1 0
13.5807 0.461704 0.461704 2 1 0
13.5907 0.461673 0.461673 2 1 0
13.6007 0.461642 0.461642 2 1 0
13.6107 0.461612 0.461612 2 1 0
13.6207 0.461581 0.461581 2 1 0
13.6307 0.461551 0.461551 2 1 0
13.6407 0.461521 0.461521 2 1 0
13.6507 0.461491 0.461491 2 1 0
13.6607 0.46146 0.46146 2 1 0
13.6707 0.46143 0.46143 2 1 0
13.6807 0.4614 0.4614 2 1 0
13.6907 0.461371 0.461371 2 1 0
13.7007 0.461341 0.461341 2 1 0
13.7107 0.461311 0.461311 2 1 0
13.7207 0.461281 0.461281 2 1 0
13.7307 0.461252 0.461252 2 1 0
13.7407 0.461222 0.461222 2 1 0
13.7507 0.461193 0.461193 2 1 0
13.7607 0.461163 0.461163 2 1 0
13.7707 0.461134 0.461134 2 1 0
13.7807 0.461105 0.461105 2 1 0
13.7907 0.461076 0.461076 2 1 0
13.8007 0.461047 0.461047 2 1 0
13.8107 0.461018 0.461018 2 1 0
13.8207 0.460989 0.460989 2 1 0
13.8307 0.46096 0.46096 2 1 0
13.8407 0.460931 0.460931 2 1 0
13.8507 0.460902 0.460902 2 1 0
13.8607 0.460874 0.460874 2 1 0
13.8707 0.460845 0.460845 2 1 0
13.8807 0.460816 0.460816 2 1 0
13.8907 0.460788 0.460788 2 1 0
13.9007 0.46076 0.46076 2 1 0
13.9107 0.460731 0.460731 2 1 0
13.9207 0.460703 0.460703 2 1 0
13.9307 0.460675 0.460675 2 1 0
13.9407 0.460647 0.460647 2 1 0
13.9507 0.460619 0.460619 2 1 0
13.9607 0.460591 0.460591 2 1 0
13.9707 0.460563 0.460563 2 1 0
13.9807 0.460535 0.460535 2 1 0
13.9907 0.460507 0.460507 2 1 0
14.0007 0.460479 0.460479 2 1 0
14.0107 0.460452 0.460452 2 1 0
14.0207 0.460424 0.460424 2 1 0
14.0307 0.460396 0.460396 2 1 0
14.0407 0.460369 0.460369 2 1 0
14.0507 0.460341 0.460341 2 1 0
14.0607 0.460314 0.460314 2 1 0
14.0707 0.460287 0.460287 2 1 0
14.0807 0.46026 0.46026 2 1 0
14.0907 0.460232 0.460232 2 1 0
14.1007 0.460205 0.460205 2 1 0
14.1107 0.460178 0.460178 2 1 0
14.1207 0.460151 0.460151 2 1 0
14.1307 0.460124 0.460124 2 1 0
14.1407 0.460097 0.460097 2 1 0
14.1507 0.460071 0.460071 2 1 0
14.1607 0.460044 0.460044 2 1 0
14.1707 0.460017 0.460017 2 1 0
14.1807 0.459991 0.459991 2 1 0
14.1907 0.459964 0.459964 2 1 0
14.2007 0.459938 0.459938 2 1 0
14.2107 0.459911 0.459911 2 1 0
14.2207 0.459885 0.459885 2 1 0
14.2307 0.459858 0.459858 2 1 0
14.2407 0.459832 0.459832 2 1 0
14.2507 0.459806 0.459806 2 1 0
14.2607 0.45978 0.45978 2 1 0
14.2707 0.459754 0.459754 2 1 0
14.2807 0.459728 0.459728 2 1 0
14.2907 0.459702 0.459702 2 1 0
14.3007 0.459676 0.459676 2 1 0
14.3107 0.45965 0.45965 2 1 0
14.3207 0.459624 0.459624 2 1 0
14.3307 0.459598 0.459598 2 1 0
14.3407 0.459572 0.459572 2 1 0
14.3507 0.459547 0.459547 2 1 0
14.3607 0.459521 0.459521 2 1 0
14.3707 0.459496 0.459496 2 1 0
14.3807 0.45947 0.45947 2 1 0
14.3907 0.459445 0.459445 2 1 0
14.4007 0.459419 0.459419 2 1 0
14.4107 0.459394 0.459394 2 1 0
14.4207 0.459369 0.459369 2 1 0
14.4307 0.459344 0.459344 2 1 0
14.4407 0.459318 0.459318 2 1 0
14.4507 0.459293 0.459293 2 1 0
14.4607 0.459268 0.459268 2 1 0
14.4707 0.459243 0.459243 2 1 0
14.4807 0.459218 0.459218 2 1 0
14.4907 0.459193 0.459193 2 1 0
14.5007 0.459168 0.459168 2 1 0
14.5107 0.459144 0.459144 2 1 0
14.5207 0.459119 0.459119 2 1 0
14.5307 0.459094 0.459094 2 1 0
14.5407 0.45907 0.45907 2 1 0
14.5507 0.459045 0.459045 2 1 0
14.5607 0.45902 0.45902 2 1 0
14.5707 0.458996 0.458996 2 1 0
14.5807 0.458971 0.458971 2 1 0
14.5907 0.458947 0.458947 2 1 0
14.6007 0.458923 0.458923 2 1 0
14.6107 0.458898 0.458898 2 1 0
14.6207 0.458874 0.458874 2 1 0
14.6307 0.45885 0.45885 2 1 0
14.6407 0.458826 0.458826 2 1 0
14.6507 0.458802 0.458802 2 1 0
14.6607 0.458778 0.458778 2 1 0
14.6707 0.458754 0.458754 2 1 0
14.6807 0.45873 0.45873 2 1 0
14.6907 0.458706 0.458706 2 1 0
14.7007 0.458682 0.458682 2 1 0
14.7106 0.458658 0.458658 2 1 0
14.7206 0.458634 0.458634 2 1 0
14.7306 0.458611 0.458611 2 1 0
14.7406 0.458587 0.458587 2 1 0
14.7506 0.458563 0.458563 2 1 0
14.7606 0.45854 0.45854 2 1 0
14.7706 0.458516 0.458516 2 1 0
14.7806 0.458493 0.458493 2 1 0
14.7906 0.458469 0.458469 2 1 0
14.8006 0.458446 0.458446 2 1 0
14.8106 0.458422 0.458422 2 1 0
14.8206 0.458399 0.458399 2 1 0
14.8306 0.458376 0.458376 2 1 0
14.8406 0.458353 0.458353 2 1 0
14.8506 0.45833 0.45833 2 1 0
14.8606 0.458306 0.458306 2 1 0
14.8706 0.458283 0.458283 2 1 0
14.8806 0.45826 0.45826 2 1 0
14.8906 0.458237 0.458237 2 1 0
14.9006 0.458214 0.458214 2 1 0
14.9106 0.458191 0.458191 2 1 0
14.9206 0.458169 0.458169 2 1 0
14.9306 0.458146 0.458146 2 1 0
14.9406 0.458123 0.458123 2 1 0
14.9506 0.4581 0.4581 2 1 0
14.9606 0.458078 0.458078 2 1 0
14.9706 0.458055 0.458055 2 1 0
14.9806 0.458032 0.458032 2 1 0
14.9906 0.45801 0.45801 2 1 0
15.0006 0.457987 0.457987 2 1 0
15.0106 0.457965 0.457965 2 1 0
15.0206 0.457942 0.457942 2 1 0
15.0306 0.45792 0.45792 2 1 0
15.0406 0.457898 0.457898 2 1 0
15.0506 0.457875 0.457875 2 1 0
15.0606 0.457853 0.457853 2 1 0
15.0706 0.457831 0.457831 2 1 0
15.0806 0.457809 0.457809 2 1 0
15.0906 0.457786 0.457786 2 1 0
15.1006 0.457764 0.457764 2 1 0
15.1106 0.457742 0.457742 2 1 0
15.1206 0.45772 0.45772 2 1 0
15.1306 0.457698 0.457698 2 1 0
15.1406 0.457676 0.457676 2 1 0
15.1506 0.457654 0.457654 2 1 0
15.1606 0.457633 0.457633 2 1 0
15.1706 0.457611 0.457611 2 1 0
15.1806 0.457589 0.457589 2 1 0
15.1906 0.457567 0.457567 2 1 0
15.2006 0.457546 0.457546 2 1 0
15.2106 0.457524 0.457524 2 1 0
15.2206 0.457502 0.457502 2 1 0
15.2306 0.457481 0.457481 2 1 0
15.2406 0.457459 0.457459 2 1 0
15.2506 0.457438 0.457438 2 1 0
15.2606 0.457416 0.457416 2 1 0
15.2706 0.457395 0.457395 2 1 0
15.2806 0.457373 0.457373 2 1 0
15.2906 0.457352 0.457352 2 1 0
15.3006 0.457331 0.457331 2 1 0
15.3106 0.457309 0.457309 2 1 0
15.3206 0.457288 0.457288 2 1 0
15.3306 0.457267 0.457267 2 1 0
15.3406 0.457246 0.457246 2 1 0
15.3506 0.457225 0.457225 2 1 0
15.3606 0.457204 0.457204 2 1 0
15.3706 0.457183 0.457183 2 1 0
15.3806 0.457162 0.457162 2 1 0
15.3906 0.457141 0.457141 2 1 0
15.4006 0.45712 0.45712 2 1 0
15.4106 0.457099 0.457099 2 1 0
15.4206 0.457078 0.457078 2 1 0
15.4306 0.457057 0.457057 2 1 0
15.4406 0.457036 0.457036 2 1 0
15.4506 0.457015 0.457015 2 1 0
15.4606 0.456995 0.456995 2 1 0
15.4706 0.456974 0.456974 2 1 0
15.4806 0.456953 0.456953 2 1 0
15.4906 0.456933 0.456933 2 1 0
15.5006 0.456912 0.456912 2 1 0
15.5106 0.456892 0.456892 2 1 0
15.5206 0.456871 0.456871 2 1 0
15.5306 0.456851 0.456851 2 1 0
15.5406 0.45683 0.45683 2 1 0
15.5506 0.45681 0.45681 2 1 0
15.5606 0.456789 0.456789 2 1 0
15.5706 0.456769 0.456769 2 1 0
15.5806 0.456749 0.456749 2 1 0
15.5906 0.456728 0.456728 2 1 0
15.6006 0.456708 0.456708 2 1 0
15.6106 0.456688 0.456688 2 1 0
15.6206 0.456668 0.456668 2 1 0
15.6306 0.456648 0.456648 2 1 0
15.6406 0.456628 0.456628 2 1 0
15.6506 0.456608 0.456608 2 1 0
15.6606 0.456588 0.456588 2 1 0
15.6706 0.456568 0.456568 2 1 0
15.6806 0.456548 0.456548 2 1 0
15.6906 0.456528 0.456528 2 1 0
15.7006 0.456508 0.456508 2 1 0
15.7106 0.456488 0.456488 2 1 0
15.7206 0.456468 0.456468 2 1 0
15.7306 0.456448 0.456448 2 1 0
15.7406 0.456428 0.456428 2 1 0
15.7506 0.456409 0.456409 2 1 0
15.7606 0.456389 0.456389 2 1 0
15.7706 0.456369 0.456369 2 1 0
15.7806 0.45635 0.45635 2 1 0
15.7906 0.45633 0.45633 2 1 0
15.8006 0.456311 0.456311 2 1 0
15.8106 0.456291 0.456291 2 1 0
15.8206 0.456271 0.456271 2 1 0
15.8306 0.456252 0.456252 2 1 0
15.8406 0.456233 0.456233 2 1 0
15.8506 0.456213 0.456213 2 1 0
15.8606 0.456194 0.456194 2 1 0
15.8706 0.456174 0.456174 2 1 0
15.8806 0.456155 0.456155 2 1 0
15.8906 0.456136 0.456136 2 1 0
15.9006 0.456117 0.456117 2 1 0
15.9106 0.456097 0.456097 2 1 0
15.9206 0.456078 0.456078 2 1 0
15.9306 0.456059 0.456059 2 1 0
15.9406 0.45604 0.45604 2 1 0
15.9506 0.456021 0.456021 2 1 0
15.9606 0.456002 0.456002 2 1 0
15.9706 0.455983 0.455983 2 1 0
15.9806 0.455964 0.455964 2 1 0
15.9906 0.455945 0.455945 2 1 0
16.0006 0.455926 0.455926 2 1 0
16.0106 0.455907 0.455907 2 1 0
16.0206 0.455888 0.455888 2 1 0
16.0306 0.455869 0.455869 2 1 0
16.0406 0.45585 0.45585 2 1 0
16.0506 0.455831 0.455831 2 1 0
16.0606 0.455813 0.455813 2 1 0
16.0706 0.455794 0.455794 2 1 0
16.0806 0.455775 0.455775 2 1 0
16.0906 0.455756 0.455756 2 1 0
16.1006 0.455738 0.455738 2 1 0
16.1106 0.455719 0.455719 2 1 0
16.1206 0.4557 0.4557 2 1 0
16.1306 0.455682 0.455682 2 1 0
16.1406 0.455663 0.455663 2 1 0
16.1506 0.455645 0.455645 2 1 0
16.1606 0.455626 0.455626 2 1 0
16.1706 0.455608 0.455608 2 1 0
16.1806 0.455589 0.455589 2 1 0
16.1906 0.455571 0.455571 2 1 0
16.2006 0.455553 0.455553 2 1 0
16.2106 0.455534 0.455534 2 1 0
16.2206 0.455516 0.455516 2 1 0
16.2306 0.455498 0.455498 2 1 0
16.2406 0.455479 0.455479 2 1 0
16.2506 0.455461 0.455461 2 1 0
16.2606 0.455443 0.455443 2 1 0
16.2706 0.455425 0.455425 2 1 0
16.2806 0.455407 0.455407 2 1 0
16.2906 0.455389 0.455389 2 1 0
16.3006 0.45537 0.45537 2 1 0
16.3106 0.455352 0.455352 2 1 0
16.3206 0.455334 0.455334 2 1 0
16.3306 0.455316 0.455316 2 1 0
16.3406 0.455298 0.455298 2 1 0
16.3506 0.45528 0.45528 2 1 0
16.3606 0.455262 0.455262 2 1 0
16.3706 0.455245 0.455245 2 1 0
16.3806 0.455227 0.455227 2 1 0
16.3906 0.455209 0.455209 2 1 0
16.4006 0.455191 0.455191 2 1 0
16.4106 0.455173 0.455173 2 1 0
16.4206 0.455155 0.455155 2 1 0
16.4306 0.455138 0.455138 2 1 0
16.4406 0.45512 0.45512 2 1 0
16.4506 0.455102 0.455102 2 1 0
16.4606 0.455085 0.455085 2 1 0
16.4706 0.455067 0.455067 2 1 0
16.4806 0.455049 0.455049 2 1 0
16.4906 0.455032 0.455032 2 1 0
16.5006 0.455014 0.455014 2 1 0
16.5106 0.454997 0.454997 2 1 0
16.5206 0.454979 0.454979 2 1 0
16.5306 0.454962 0.454962 2 1 0
16.5406 0.454944 0.454944 2 1 0
16.5506 0.454927 0.454927 2 1 0
16.5606 0.454909 0.454909 2 1 0
16.5706 0.454892 0.454892 2 1 0
16.5806 0.454875 0.454875 2 1 0
16.5906 0.454857 0.454857 2 1 0
16.6006 0.45484 0.45484 2 1 0
16.6106 0.454823 0.454823 2 1 0
16.6206 0.454805 0.454805 2 1 0
16.6306 0.454788 0.454788 2 1 0
16.6406 0.454771 0.454771 2 1 0
16.6506 0.454754 0.454754 2 1 0
16.6606 0.454737 0.454737 2 1 0
16.6706 0.454719 0.454719 2 1 0
16.6806 0.454702 0.454702 2 1 0
16.6906 0.454685 0.454685 2 1 0
16.7006 0.454668 0.454668 2 1 0
16.7106 0.454651 0.454651 2 1 0
16.7206 0.454634 0.454634 2 1 0
16.7306 0.454617 0.454617 2 1 0
16.7406 0.4546 0.4546 2 1 0
16.7506 0.454583 0.454583 2 1 0
16.7606 0.454566 0.454566 2 1 0
16.7706 0.454549 0.454549 2 1 0
16.7806 0.454533 0.454533 2 1 0
16.7906 0.454516 0.454516 2 1 0
16.8006 0.454499 0.454499 2 1 0
16.8106 0.454482 0.454482 2 1 0
16.8206 0.454465 0.454465 2 1 0
16.8306 0.454448 0.454448 2 1 0
16.8406 0.454432 0.454432 2 1 0
16.8506 0.454415 0.454415 2 1 0
16.8606 0.454398 0.454398 2 1 0
16.8706 0.454382 0.454382 2 1 0
16.8806 0.454365 0.454365 2 1 0
16.8906 0.454348 0.454348 2 1 0
16.9006 0.454332 0.454332 2 1 0
16.9106 0.454315 0.454315 2 1 0
16.9206 0.454299 0.454299 2 1 0
16.9306 0.454282 0.454282 2 1 0
16.9406 0.454266 0.454266 2 1 0
16.9506 0.454249 0.454249 2 1 0
16.9606 0.454233 0.454233 2 1 0
16.9706 0.454216 0.454216 2 1 0
16.9806 0.4542 0.4542 2 1 0
16.9906 0.454184 0.454184 2 1 0
17.0006 0.454167 0.454167 2 1 0
17.0106 0.454151 0.454151 2 1 0
17.0206 0.454135 0.454135 2 1 0
17.0306 0.454118 0.454118 2 1 0
17.0406 0.454102 0.454102 2 1 0
17.0506 0.454086 0.454086 2 1 0
17.0606 0.454069 0.454069 2 1 0
17.0706 0.454053 0.454053 2 1 0
17.0806 0.454037 0.454037 2 1 0
17.0906 0.454021 0.454021 2 1 0
17.1006 0.454005 0.454005 2 1 0
17.1106 0.453989 0.453989 2 1 0
17.1206 0.453973 0.453973 2 1 0
17.1306 0.453956 0.453956 2 1 0
17.1406 0.45394 0.45394 2 1 0
17.1506 0.453924 0.453924 2 1 0
17.1606 0.453908 0.453908 2 1 0
17.1706 0.453892 0.453892 2 1 0
17.1806 0.453876 0.453876 2 1 0
17.1906 0.45386 0.45386 2 1 0
17.2006 0.453845 0.453845 2 1 0
17.2106 0.453829 0.453829 2 1 0
17.2206 0.453813 0.453813 2 1 0
17.2306 0.453797 0.453797 2 1 0
17.2406 0.453781 0.453781 2 1 0
17.2506 0.453765 0.453765 2 1 0
17.2606 0.453749 0.453749 2 1 0
17.2706 0.453734 0.453734 2 1 0
17.2806 0.453718 0.453718 2 1 0
17.2906 0.453702 0.453702 2 1 0
17.3006 0.453686 0.453686 2 1 0
17.3106 0.453671 0.453671 2 1 0
17.3206 0.453655 0.453655 2 1 0
17.3306 0.453639 0.453639 2 1 0
17.3406 0.453624 0.453624 2 1 0
17.3506 0.453608 0.453608 2 1 0
17.3606 0.453592 0.453592 2 1 0
17.3706 0.453577 0.453577 2 1 0
17.3806 0.453561 0.453561 2 1 0
17.3906 0.453546 0.453546 2 1 0
17.4006 0.45353 0.45353 2 1 0
17.4106 0.453515 0.453515 2 1 0
17.4206 0.453499 0.453499 2 1 0
17.4306 0.453484 0.453484 2 1 0
17.4406 0.453468 0.453468 2 1 0
17.4506 0.453453 0.453453 2 1 0
17.4606 0.453438 0.453438 2 1 0
17.4706 0.453422 0.453422 2 1 0
17.4806 0.453407 0.453407 2 1 0
17.4906 0.453392 0.453392 2 1 0
17.5006 0.453376 0.453376 2 1 0
17.5106 0.453361 0.453361 2 1 0
17.5206 0.453346 0.453346 2 1 0
17.5306 0.45333 0.45333 2 1 0
17.5406 0.453315 0.453315 2 1 0
17.5506 0.4533 0.4533 2 1 0
17.5606 0.453285 0.453285 2 1 0
17.5706 0.45327 0.45327 2 1 0
17.5806 0.453254 0.453254 2 1 0
17.5906 0.453239 0.453239 2 1 0
17.6006 0.453224 0.453224 2 1 0
17.6106 0.453209 0.453209 2 1 0
17.6206 0.453194 0.453194 2 1 0
17.6306 0.453179 0.453179 2 1 0
17.6406 0.453164 0.453164 2 1 0
17.6506 0.453149 0.453149 2 1 0
17.6606 0.453134 0.453134 2 1 0
17.6706 0.453119 0.453119 2 1 0
17.6806 0.453104 0.453104 2 1 0
17.6906 0.453089 0.453089 2 1 0
17.7006 0.453074 0.453074 2 1 0
17.7106 0.453059 0.453059 2 1 0
17.7206 0.453044 0.453044 2 1 0
17.7306 0.453029 0.453029 2 1 0
17.7406 0.453014 0.453014 2 1 0
17.7506 0.453 0.453 2 1 0
17.7606 0.452985 0.452985 2 1 0
17.7706 0.45297 0.45297 2 1 0
17.7806 0.452955 0.452955 2 1 0
17.7906 0.45294 0.45294 2 1 0
17.8006 0.452926 0.452926 2 1 0
17.8106 0.452911 0.452911 2 1 0
17.8206 0.452896 0.452896 2 1 0
17.8306 0.452881 0.452881 2 1 0
17.8406 0.452867 0.452867 2 1 0
17.8506 0.452852 0.452852 2 1 0
17.8606 0.452837 0.452837 2 1 0
17.8706 0.452823 0.452823 2 1 0
17.8806 0.452808 0.452808 2 1 0
17.8906 0.452794 0.452794 2 1 0
17.9006 0.452779 0.452779 2 1 0
17.9106 0.452765 0.452765 2 1 0
17.9206 0.45275 0.45275 2 1 0
17.9306 0.452735 0.452735 2 1 0
17.9406 0.452721 0.452721 2 1 0
17.9506 0.452707 0.452707 2 1 0
17.9606 0.452692 0.452692 2 1 0
17.9706 0.452678 0.452678 2 1 0
17.9806 0.452663 0.452663 2 1 0
17.9906 0.452649 0.452649 2 1 0
18.0006 0.452634 0.452634 2 1 0
18.0106 0.45262 0.45262 2 1 0
18.0206 0.452606 0.452606 2 1 0
18.0306 0.452591 0.452591 2 1 0
18.0406 0.452577 0.452577 2 1 0
18.0506 0.452563 0.452563 2 1 0
18.0606 0.452548 0.452548 2 1 0
18.0706 0.452534 0.452534 2 1 0
18.0806 0.45252 0.45252 2 1 0
18.0906 0.452506 0.452506 2 1 0
18.1006 0.452491 0.452491 2 1 0
18.1106 0.452477 0.452477 2 1 0
18.1206 0.452463 0.452463 2 1 0
18.1306 0.452449 0.452449 2 1 0
18.1406 0.452435 0.452435 2 1 0
18.1506 0.45242 0.45242 2 1 0
18.1606 0.452406 0.452406 2 1 0
18.1706 0.452392 0.452392 2 1 0
18.1806 0.452378 0.452378 2 1 0
18.1906 0.452364 0.452364 2 1 0
18.2006 0.45235 0.45235 2 1 0
18.2106 0.452336 0.452336 2 1 0
18.2206 0.452322 0.452322 2 1 0
18.2306 0.452308 0.452308 2 1 0
18.2406 0.452294 0.452294 2 1 0
18.2506 0.45228 0.45228 2 1 0
18.2606 0.452266 0.452266 2 1 0
18.2706 0.452252 0.452252 2 1 0
18.2806 0.452238 0.452238 2 1 0
18.2906 0.452224 0.452224 2 1 0
18.3006 0.45221 0.45221 2 1 0
18.3106 0.452197 0.452197 2 1 0
18.3206 0.452183 0.452183 2 1 0
18.3306 0.452169 0.452169 2 1 0
18.3406 0.452155 0.452155 2 1 0
18.3506 0.452141 0.452141 2 1 0
18.3606 0.452127 0.452127 2 1 0
18.3706 0.452114 0.452114 2 1 0
18.3806 0.4521 0.4521 2 1 0
18.3906 0.452086 0.452086 2 1 0
18.4006 0.452072 0.452072 2 1 0
18.4106 0.452059 0.452059 2 1 0
18.4206 0.452045 0.452045 2 1 0
18.4306 0.452031 0.452031 2 1 0
18.4406 0.452018 0.452018 2 1 0
18.4506 0.452004 0.452004 2 1 0
18.4606 0.45199 0.45199 2 1 0
18.4706 0.451977 0.451977 2 1 0
18.4806 0.451963 0.451963 2 1 0
18.4906 0.451949 0.451949 2 1 0
18.5006 0.451936 0.451936 2 1 0
18.5106 0.451922 0.451922 2 1 0
18.5206 0.451909 0.451909 2 1 0
18.5306 0.451895 0.451895 2 1 0
18.5406 0.451882 0.451882 2 1 0
18.5506 0.451868 0.451868 2 1 0
18.5606 0.451855 0.451855 2 1 0
18.5706 0.451841 0.451841 2 1 0
18.5806 0.451828 0.451828 2 1 0
18.5906 0.451814 0.451814 2 1 0
18.6006 0.451801 0.451801 2 1 0
18.6106 0.451788 0.451788 2 1 0
18.6206 0.451774 0.451774 2 1 0
18.6306 0.451761 0.451761 2 1 0
18.6406 0.451747 0.451747 2 1 0
18.6506 0.451734 0.451734 2 1 0
18.6606 0.451721 0.451721 2 1 0
18.6706 0.451707 0.451707 2 1 0
18.6806 0.451694 0.451694 2 1 0
18.6906 0.451681 0.451681 2 1 0
18.7006 0.451668 0.451668 2 1 0
18.7106 0.451654 0.451654 2 1 0
18.7206 0.451641 0.451641 2 1 0
18.7244 0.451636 0.451636 1 1 0
18.7344 0.451623 0.451623 1 1 0
18.7444 0.45161 0.45161 1 1 0
18.7544 0.451596 0.451596 1 1 0
18.7644 0.451583 0.451583 1 1 0
18.7744 0.45157 0.45157 1 1 0
18.7844 0.451557 0.451557 1 1 0
18.7944 0.451544 0.451544 1 1 0
18.8044 0.451531 0.451531 1 1 0
18.8144 0.451517 0.451517 1 1 0
18.8244 0.451504 0.451504 1 1 0
18.8344 0.451491 0.451491 1 1 0
18.8444 0.451478 0.451478 1 1 0
18.8544 0.451465 0.451465 1 1 0
18.8644 0.451452 0.451452 1 1 0
18.8744 0.451439 0.451439 1 1 0
18.8844 0.451426 0.451426 1 1 0
18.8944 0.451413 0.451413 1 1 0
18.9044 0.4514 0.4514 1 1 0
18.9144 0.451387 0.451387 1 1 0
18.9244 0.451374 0.451374 1 1 0
18.9344 0.451361 0.451361 1 1 0
18.9444 0.451348 0.451348 1 1 0
18.9544 0.451335 0.451335 1 1 0
18.9644 0.451323 0.451323 1 1 0
18.9744 0.45131 0.45131 1 1 0
18.9844 0.451297 0.451297 1 1 0
18.9944 0.451284 0.451284 1 1 0
19.0044 0.451271 0.451271 1 1 0
19.0144 0.451258 0.451258 1 1 0
19.0244 0.451246 0.451246 1 1 0
19.0344 0.451233 0.451233 1 1 0
19.0444 0.45122 0.45122 1 1 0
19.0544 0.451207 0.451207 1 1 0
19.0644 0.451194 0.451194 1 1 0
19.0744 0.451182 0.451182 1 1 0
19.0844 0.451169 0.451169 1 1 0
19.0944 0.451156 0.451156 1 1 0
19.1044 0.451144 0.451144 1 1 0
19.1144 0.451131 0.451131 1 1 0
19.1244 0.451118 0.451118 1 1 0
19.1344 0.451105 0.451105 1 1 0
19.1444 0.451093 0.451093 1 1 0
19.1544 0.45108 0.45108 1 1 0
19.1644 0.451068 0.451068 1 1 0
19.1744 0.451055 0.451055 1 1 0
19.1844 0.451042 0.451042 1 1 0
19.1944 0.45103 0.45103 1 1 0
19.2044 0.451017 0.451017 1 1 0
19.2144 0.451005 0.451005 1 1 0
19.2244 0.450992 0.450992 1 1 0
19.2344 0.45098 0.45098 1 1 0
19.2444 0.450967 0.450967 1 1 0
19.2544 0.450955 0.450955 1 1 0
19.2644 0.450942 0.450942 1 1 0
19.2744 0.45093 0.45093 1 1 0
19.2844 0.450917 0.450917 1 1 0
19.2944 0.450905 0.450905 1 1 0
19.3044 0.450892 0.450892 1 1 0
19.3144 0.45088 0.45088 1 1 0
19.3244 0.450867 0.450867 1 1 0
19.3344 0.450855 0.450855 1 1 0
19.3444 0.450843 0.450843 1 1 0
19.3544 0.45083 0.45083 1 1 0
19.3644 0.450818 0.450818 1 1 0
19.3744 0.450806 0.450806 1 1 0
19.3844 0.450793 0.450793 1 1 0
19.3944 0.450781 0.450781 1 1 0
19.4044 0.450769 0.450769 1 1 0
19.4144 0.450756 0.450756 1 1 0
19.4244 0.450744 0.450744 1 1 0
19.4344 0.450732 0.450732 1 1 0
19.4444 0.450719 0.450719 1 1 0
19.4544 0.450707 0.450707 1 1 0
19.4644 0.450695 0.450695 1 1 0
19.4744 0.450683 0.450683 1 1 0
19.4844 0.450671 0.450671 1 1 0
19.4944 0.450658 0.450658 1 1 0
19.5044 0.450646 0.450646 1 1 0
19.5144 0.450634 0.450634 1 1 0
19.5244 0.450622 0.450622 1 1 0
19.5344 0.45061 0.45061 1 1 0
19.5444 0.450598 0.450598 1 1 0
19.5544 0.450585 0.450585 1 1 0
19.5644 0.450573 0.450573 1 1 0
19.5744 0.450561 0.450561 1 1 0
19.5844 0.450549 0.450549 1 1 0
19.5944 0.450537 0.450537 1 1 0
19.6044 0.450525 0.450525 1 1 0
19.6144 0.450513 0.450513 1 1 0
19.6244 0.450501 0.450501 1 1 0
19.6344 0.450489 0.450489 1 1 0
19.6444 0.450477 0.450477 1 1 0
19.6544 0.450465 0.450465 1 1 0
19.6644 0.450453 0.450453 1 1 0
19.6744 0.450441 0.450441 1 1 0
19.6844 0.450429 0.450429 1 1 0
19.6944 0.450417 0.450417 1 1 0
19.7044 0.450405 0.450405 1 1 0
19.7144 0.450393 0.450393 1 1 0
19.7244 0.450381 0.450381 1 1 0
19.7344 0.450369 0.450369 1 1 0
19.7444 0.450358 0.450358 1 1 0
19.7544 0.450346 0.450346 1 1 0
19.7644 0.450334 0.450334 1 1 0
19.7744 0.450322 0.450322 1 1 0
19.7844 0.45031 0.45031 1 1 0
19.7944 0.450298 0.450298 1 1 0
19.8044 0.450286 0.450286 1 1 0
19.8144 0.450275 0.450275 1 1 0
19.8244 0.450263 0.450263 1 1 0
19.8344 0.450251 0.450251 1 1 0
19.8444 0.450239 0.450239 1 1 0
19.8544 0.450227 0.450227 1 1 0
19.8644 0.450216 0.450216 1 1 0
19.8744 0.450204 0.450204 1 1 0
19.8844 0.450192 0.450192 1 1 0
19.8944 0.450181 0.450181 1 1 0
19.9044 0.450169 0.450169 1 1 0
19.9144 0.450157 0.450157 1 1 0
19.9244 0.450145 0.450145 1 1 0
19.9344 0.450134 0.450134 1 1 0
19.9444 0.450122 0.450122 1 1 0
19.9544 0.450111 0.450111 1 1 0
19.9644 0.450099 0.450099 1 1 0
19.9744 0.450087 0.450087 1 1 0
19.9844 0.450076 0.450076 1 1 0
19.9944 0.450064 0.450064 1 1 0
20.0044 0.450052 0.450052 1 1 0
20.0144 0.450041 0.450041 1 1 0
20.0244 0.450029 0.450029 1 1 0
20.0344 0.450018 0.450018 1 1 0
20.0444 0.450006 0.450006 1 1 0
20.0544 0.449995 0.449995 1 1 0
20.0644 0.449983 0.449983 1 1 0
20.0744 0.449972 0.449972 1 1 0
20.0844 0.44996 0.44996 1 1 0
20.0944 0.449949 0.449949 1 1 0
20.1044 0.449937 0.449937 1 1 0
20.1144 0.449926 0.449926 1 1 0
20.1244 0.449914 0.449914 1 1 0
20.1344 0.449903 0.449903 1 1 0
20.1444 0.449891 0.449891 1 1 0
20.1544 0.44988 0.44988 1 1 0
20.1644 0.449869 0.449869 1 1 0
20.1744 0.449857 0.449857 1 1 0
20.1844 0.449846 0.449846 1 1 0
20.1944 0.449834 0.449834 1 1 0
20.2044 0.449823 0.449823 1 1 0
20.2144 0.449812 0.449812 1 1 0
20.2244 0.4498 0.4498 1 1 0
20.2344 0.449789 0.449789 1 1 0
20.2444 0.449778 0.449778 1 1 0
20.2544 0.449766 0.449766 1 1 0
20.2644 0.449755 0.449755 1 1 0
20.2744 0.449744 0.449744 1 1 0
20.2844 0.449732 0.449732 1 1 0
20.2944 0.449721 0.449721 1 1 0
20.3044 0.44971 0.44971 1 1 0
20.3144 0.449699 0.449699 1 1 0
20.3244 0.449687 0.449687 1 1 0
20.3344 0.449676 0.449676 1 1 0
20.3444 0.449665 0.449665 1 1 0
20.3544 0.449654 0.449654 1 1 0
20.3644 0.449643 0.449643 1 1 0
20.3744 0.449631 0.449631 1 1 0
20.3844 0.44962 0.44962 1 1 0
20.3944 0.449609 0.449609 1 1 0
20.4044 0.449598 0.449598 1 1 0
20.4144 0.449587 0.449587 1 1 0
20.4244 0.449576 0.449576 1 1 0
20.4344 0.449565 0.449565 1 1 0
20.4444 0.449553 0.449553 1 1 0
20.4544 0.449542 0.449542 1 1 0
20.4644 0.449531 0.449531 1 1 0
20.4744 0.44952 0.44952 1 1 0
20.4844 0.449509 0.449509 1 1 0
20.4944 0.449498 0.449498 1 1 0
20.5044 0.449487 0.449487 1 1 0
20.5144 0.449476 0.449476 1 1 0
20.5244 0.449465 0.449465 1 1 0
20.5344 0.449454 0.449454 1 1 0
20.5444 0.449443 0.449443 1 1 0
20.5544 0.449432 0.449432 1 1 0
20.5644 0.449421 0.449421 1 1 0
20.5744 0.44941 0.44941 1 1 0
20.5844 0.449399 0.449399 1 1 0
20.5944 0.449388 0.449388 1 1 0
20.6044 0.449377 0.449377 1 1 0
20.6144 0.449366 0.449366 1 1 0
20.6244 0.449355 0.449355 1 1 0
20.6344 0.449344 0.449344 1 1 0
20.6444 0.449333 0.449333 1 1 0
20.6544 0.449322 0.449322 1 1 0
20.6644 0.449312 0.449312 1 1 0
20.6744 0.449301 0.449301 1 1 0
20.6844 0.44929 0.44929 1 1 0
20.6944 0.449279 0.449279 1 1 0
20.7044 0.449268 0.449268 1 1 0
20.7144 0.449257 0.449257 1 1 0
20.7244 0.449246 0.449246 1 1 0
20.7344 0.449236 0.449236 1 1 0
20.7444 0.449225 0.449225 1 1 0
20.7544 0.449214 0.449214 1 1 0
20.7644 0.449203 0.449203 1 1 0
20.7744 0.449192 0.449192 1 1 0
20.7844 0.449182 0.449182 1 1 0
20.7944 0.449171 0.449171 1 1 0
20.8044 0.44916 0.44916 1 1 0
20.8144 0.449149 0.449149 1 1 0
20.8244 0.449139 0.449139 1 1 0
20.8344 0.449128 0.449128 1 1 0
20.8444 0.449117 0.449117 1 1 0
20.8544 0.449107 0.449107 1 1 0
20.8644 0.449096 0.449096 1 1 0
20.8744 0.449085 0.449085 1 1 0
20.8844 0.449075 0.449075 1 1 0
20.8944 0.449064 0.449064 1 1 0
20.9044 0.449053 0.449053 1 1 0
20.9144 0.449043 0.449043 1 1 0
20.9244 0.449032 0.449032 1 1 0
20.9344 0.449021 0.449021 1 1 0
20.9444 0.449011 0.449011 1 1 0
20.9544 0.449 0.449 1 1 0
20.9644 0.44899 0.44899 1 1 0
20.9744 0.448979 0.448979 1 1 0
20.9844 0.448968 0.448968 1 1 0
20.9944 0.448958 0.448958 1 1 0
21.0044 0.448947 0.448947 1 1 0
21.0144 0.448937 0.448937 1 1 0
21.0244 0.448926 0.448926 1 1 0
21.0344 0.448916 0.448916 1 1 0
21.0444 0.448905 0.448905 1 1 0
21.0544 0.448895 0.448895 1 1 0
21.0644 0.448884 0.448884 1 1 0
21.0744 0.448874 0.448874 1 1 0
21.0844 0.448863 0.448863 1 1 0
21.0944 0.448853 0.448853 1 1 0
21.1044 0.448842 0.448842 1 1 0
21.1144 0.448832 0.448832 1 1 0
21.1244 0.448821 0.448821 1 1 0
21.1344 0.448811 0.448811 1 1 0
21.1444 0.4488 0.4488 1 1 0
21.1544 0.44879 0.44879 1 1 0
21.1644 0.44878 0.44878 1 1 0
21.1744 0.448769 0.448769 1 1 0
21.1844 0.448759 0.448759 1 1 0
21.1944 0.448748 0.448748 1 1 0
21.2044 0.448738 0.448738 1 1 0
21.2144 0.448728 0.448728 1 1 0
21.2244 0.448717 0.448717 1 1 0
21.2344 0.448707 0.448707 1 1 0
21.2444 0.448697 0.448697 1 1 0
21.2544 0.448686 0.448686 1 1 0
21.2644 0.448676 0.448676 1 1 0
21.2744 0.448666 0.448666 1 1 0
21.2844 0.448655 0.448655 1 1 0
21.2944 0.448645 0.448645 1 1 0
21.3044 0.448635 0.448635 1 1 0
21.3144 0.448625 0.448625 1 1 0
21.3244 0.448614 0.448614 1 1 0
21.3344 0.448604 0.448604 1 1 0
21.3444 0.448594 0.448594 1 1 0
21.3544 0.448584 0.448584 1 1 0
21.3644 0.448573 0.448573 1 1 0
21.3744 0.448563 0.448563 1 1 0
21.3844 0.448553 0.448553 1 1 0
21.3944 0.448543 0.448543 1 1 0
21.4044 0.448533 0.448533 1 1 0
21.4144 0.448522 0.448522 1 1 0
21.4244 0.448512 0.448512 1 1 0
21.4344 0.448502 0.448502 1 1 0
21.4444 0.448492 0.448492 1 1 0
21.4544 0.448482 0.448482 1 1 0
21.4644 0.448472 0.448472 1 1 0
21.4744 0.448461 0.448461 1 1 0
21.4844 0.448451 0.448451 1 1 0
21.4944 0.448441 0.448441 1 1 0
21.5044 0.448431 0.448431 1 1 0
21.5144 0.448421 0.448421 1 1 0
21.5244 0.448411 0.448411 1 1 0
21.5344 0.448401 0.448401 1 1 0
21.5444 0.448391 0.448391 1 1 0
21.5544 0.448381 0.448381 1 1 0
21.5644 0.448371 0.448371 1 1 0
21.5744 0.448361 0.448361 1 1 0
21.5844 0.448351 0.448351 1 1 0
21.5944 0.44834 0.44834 1 1 0
21.6044 0.44833 0.44833 1 1 0
21.6144 0.44832 0.44832 1 1 0
21.6244 0.44831 0.44831 1 1 0
21.6344 0.4483 0.4483 1 1 0
21.6444 0.44829 0.44829 1 1 0
21.6544 0.44828 0.44828 1 1 0
21.6644 0.448271 0.448271 1 1 0
21.6744 0.448261 0.448261 1 1 0
21.6844 0.448251 0.448251 1 1 0
21.6944 0.448241 0.448241 1 1 0
21.7044 0.448231 0.448231 1 1 0
21.7144 0.448221 0.448221 1 1 0
21.7244 0.448211 0.448211 1 1 0
21.7344 0.448201 0.448201 1 1 0
21.7444 0.448191 0.448191 1 1 0
21.7544 0.448181 0.448181 1 1 0
21.7644 0.448171 0.448171 1 1 0
21.7744 0.448161 0.448161 1 1 0
21.7844 0.448152 0.448152 1 1 0
21.7944 0.448142 0.448142 1 1 0
21.8044 0.448132 0.448132 1 1 0
21.8144 0.448122 0.448122 1 1 0
21.8244 0.448112 0.448112 1 1 0
21.8344 0.448102 0.448102 1 1 0
21.8444 0.448092 0.448092 1 1 0
21.8544 0.448083 0.448083 1 1 0
21.8644 0.448073 0.448073 1 1 0
21.8744 0.448063 0.448063 1 1 0
21.8844 0.448053 0.448053 1 1 0
21.8944 0.448043 0.448043 1 1 0
21.9044 0.448034 0.448034 1 1 0
21.9144 0.448024 0.448024 1 1 0
21.9244 0.448014 0.448014 1 1 0
21.9344 0.448004 0.448004 1 1 0
21.9444 0.447995 0.447995 1 1 0
21.9544 0.447985 0.447985 1 1 0
21.9644 0.447975 0.447975 1 1 0
21.9744 0.447966 0.447966 1 1 0
21.9844 0.447956 0.447956 1 1 0
21.9944 0.447946 0.447946 1 1 0
22.0044 0.447936 0.447936 1 1 0
22.0144 0.447927 0.447927 1 1 0
22.0244 0.447917 0.447917 1 1 0
22.0344 0.447907 0.447907 1 1 0
22.0444 0.447898 0.447898 1 1 0
22.0544 0.447888 0.447888 1 1 0
22.0644 0.447878 0.447878 1 1 0
22.0744 0.447869 0.447869 1 1 0
22.0844 0.447859 0.447859 1 1 0
22.0944 0.44785 0.44785 1 1 0
22.1044 0.44784 0.44784 1 1 0
22.1144 0.44783 0.44783 1 1 0
22.1244 0.447821 0.447821 1 1 0
22.1344 0.447811 0.447811 1 1 0
22.1444 0.447802 0.447802 1 1 0
22.1544 0.447792 0.447792 1 1 0
22.1644 0.447782 0.447782 1 1 0
22.1744 0.447773 0.447773 1 1 0
22.1844 0.447763 0.447763 1 1 0
22.1944 0.447754 0.447754 1 1 0
22.2044 0.447744 0.447744 1 1 0
22.2144 0.447735 0.447735 1 1 0
22.2244 0.447725 0.447725 1 1 0
22.2344 0.447716 0.447716 1 1 0
22.2444 0.447706 0.447706 1 1 0
22.2544 0.447697 0.447697 1 1 0
22.2644 0.447687 0.447687 1 1 0
22.2744 0.447678 0.447678 1 1 0
22.2844 0.447668 0.447668 1 1 0
22.2944 0.447659 0.447659 1 1 0
22.3044 0.447649 0.447649 1 1 0
22.3144 0.44764 0.44764 1 1 0
22.3244 0.44763 0.44763 1 1 0
22.3344 0.447621 0.447621 1 1 0
22.3444 0.447612 0.447612 1 1 0
22.3544 0.447602 0.447602 1 1 0
22.3644 0.447593 0.447593 1 1 0
22.3744 0.447583 0.447583 1 1 0
22.3844 0.447574 0.447574 1 1 0
22.3944 0.447565 0.447565 1 1 0
22.4044 0.447555 0.447555 1 1 0
22.4144 0.447546 0.447546 1 1 0
22.4244 0.447536 0.447536 1 1 0
22.4344 0.447527 0.447527 1 1 0
22.4444 0.447518 0.447518 1 1 0
22.4544 0.447508 0.447508 1 1 0
22.4644 0.447499 0.447499 1 1 0
22.4744 0.44749 0.44749 1 1 0
22.4844 0.44748 0.44748 1 1 0
22.4944 0.447471 0.447471 1 1 0
22.5044 0.447462 0.447462 1 1 0
22.5144 0.447452 0.447452 1 1 0
22.5244 0.447443 0.447443 1 1 0
22.5344 0.447434 0.447434 1 1 0
22.5444 0.447425 0.447425 1 1 0
22.5544 0.447415 0.447415 1 1 0
22.5644 0.447406 0.447406 1 1 0
22.5744 0.447397 0.447397 1 1 0
22.5844 0.447388 0.447388 1 1 0
22.5944 0.447378 0.447378 1 1 0
22.6044 0.447369 0.447369 1 1 0
22.6144 0.44736 0.44736 1 1 0
22.6244 0.447351 0.447351 1 1 0
22.6344 0.447341 0.447341 1 1 0
22.6444 0.447332 0.447332 1 1 0
22.6544 0.447323 0.447323 1 1 0
22.6644 0.447314 0.447314 1 1 0
22.6744 0.447305 0.447305 1 1 0
22.6844 0.447295 0.447295 1 1 0
22.6944 0.447286 0.447286 1 1 0
22.7044 0.447277 0.447277 1 1 0
22.7144 0.447268 0.447268 1 1 0
22.7244 0.447259 0.447259 1 1 0
22.7344 0.44725 0.44725 1 1 0
22.7444 0.44724 0.44724 1 1 0
22.7544 0.447231 0.447231 1 1 0
22.7644 0.447222 0.447222 1 1 0
22.7744 0.447213 0.447213 1 1 0
22.7844 0.447204 0.447204 1 1 0
22.7944 0.447195 0.447195 1 1 0
22.8044 0.447186 0.447186 1 1 0
22.8144 0.447177 0.447177 1 1 0
22.8244 0.447168 0.447168 1 1 0
22.8344 0.447159 0.447159 1 1 0
22.8444 0.447149 0.447149 1 1 0
22.8544 0.44714 0.44714 1 1 0
22.8644 0.447131 0.447131 1 1 0
22.8744 0.447122 0.447122 1 1 0
22.8844 0.447113 0.447113 1 1 0
22.8944 0.447104 0.447104 1 1 0
22.9044 0.447095 0.447095 1 1 0
22.9144 0.447086 0.447086 1 1 0
22.9244 0.447077 0.447077 1 1 0
22.9344 0.447068 0.447068 1 1 0
22.9444 0.447059 0.447059 1 1 0
22.9544 0.44705 0.44705 1 1 0
22.9644 0.447041 0.447041 1 1 0
22.9744 0.447032 0.447032 1 1 0
22.9844 0.447023 0.447023 1 1 0
22.9944 0.447014 0.447014 1 1 0
23.0044 0.447005 0.447005 1 1 0
23.0144 0.446996 0.446996 1 1 0
23.0244 0.446987 0.446987 1 1 0
23.0344 0.446979 0.446979 1 1 0
23.0444 0.44697 0.44697 1 1 0
23.0544 0.446961 0.446961 1 1 0
23.0644 0.446952 0.446952 1 1 0
23.0744 0.446943 0.446943 1 1 0
23.0844 0.446934 0.446934 1 1 0
23.0944 0.446925 0.446925 1 1 0
23.1044 0.446916 0.446916 1 1 0
23.1144 0.446907 0.446907 1 1 0
23.1244 0.446898 0.446898 1 1 0
23.1344 0.44689 0.44689 1 1 0
23.1444 0.446881 0.446881 1 1 0
23.1544 0.446872 0.446872 1 1 0
23.1644 0.446863 0.446863 1 1 0
23.1744 0.446854 0.446854 1 1 0
23.1844 0.446845 0.446845 1 1 0
23.1944 0.446837 0.446837 1 1 0
23.2044 0.446828 0.446828 1 1 0
23.2144 0.446819 0.446819 1 1 0
23.2244 0.44681 0.44681 1 1 0
23.2344 0.446801 0.446801 1 1 0
23.2444 0.446792 0.446792 1 1 0
23.2544 0.446784 0.446784 1 1 0
23.2644 0.446775 0.446775 1 1 0
23.2744 0.446766 0.446766 1 1 0
23.2844 0.446757 0.446757 1 1 0
23.2944 0.446749 0.446749 1 1 0
23.3044 0.44674 0.44674 1 1 0
23.3144 0.446731 0.446731 1 1 0
23.3244 0.446722 0.446722 1 1 0
23.3344 0.446714 0.446714 1 1 0
23.3444 0.446705 0.446705 1 1 0
23.3544 0.446696 0.446696 1 1 0
23.3644 0.446687 0.446687 1 1 0
23.3744 0.446679 0.446679 1 1 0
23.3844 0.44667 0.44667 1 1 0
23.3944 0.446661 0.446661 1 1 0
23.4044 0.446653 0.446653 1 1 0
23.4144 0.446644 0.446644 1 1 0
23.4244 0.446635 0.446635 1 1 0
23.4344 0.446627 0.446627 1 1 0
23.4444 0.446618 0.446618 1 1 0
23.4544 0.446609 0.446609 1 1 0
23.4644 0.446601 0.446601 1 1 0
23.4744 0.446592 0.446592 1 1 0
23.4844 0.446583 0.446583 1 1 0
23.4944 0.446575 0.446575 1 1 0
23.5044 0.446566 0.446566 1 1 0
23.5144 0.446557 0.446557 1 1 0
23.5244 0.446549 0.446549 1 1 0
23.5344 0.44654 0.44654 1 1 0
23.5444 0.446532 0.446532 1 1 0
23.5544 0.446523 0.446523 1 1 0
23.5644 0.446514 0.446514 1 1 0
23.5744 0.446506 0.446506 1 1 0
23.5844 0.446497 0.446497 1 1 0
23.5944 0.446489 0.446489 1 1 0
23.6044 0.44648 0.44648 1 1 0
23.6144 0.446472 0.446472 1 1 0
23.6244 0.446463 0.446463 1 1 0
23.6344 0.446454 0.446454 1 1 0
23.6444 0.446446 0.446446 1 1 0
23.6544 0.446437 0.446437 1 1 0
23.6644 0.446429 0.446429 1 1 0
23.6744 0.44642 0.44642 1 1 0
23.6844 0.446412 0.446412 1 1 0
23.6944 0.446403 0.446403 1 1 0
23.7044 0.446395 0.446395 1 1 0
23.7144 0.446386 0.446386 1 1 0
23.7244 0.446378 0.446378 1 1 0
23.7344 0.446369 0.446369 1 1 0
23.7444 0.446361 0.446361 1 1 0
23.7544 0.446352 0.446352 1 1 0
23.7644 0.446344 0.446344 1 1 0
23.7744 0.446336 0.446336 1 1 0
23.7844 0.446327 0.446327 1 1 0
23.7944 0.446319 0.446319 1 1 0
23.8044 0.44631 0.44631 1 1 0
23.8144 0.446302 0.446302 1 1 0
23.8244 0.446293 0.446293 1 1 0
23.8344 0.446285 0.446285 1 1 0
23.8444 0.446276 0.446276 1 1 0
23.8544 0.446268 0.446268 1 1 0
23.8644 0.44626 0.44626 1 1 0
23.8744 0.446251 0.446251 1 1 0
23.8844 0.446243 0.446243 1 1 0
23.8944 0.446234 0.446234 1 1 0
23.9044 0.446226 0.446226 1 1 0
23.9144 0.446218 0.446218 1 1 0
23.9244 0.446209 0.446209 1 1 0
23.9344 0.446201 0.446201 1 1 0
23.9444 0.446193 0.446193 1 1 0
23.9544 0.446184 0.446184 1 1 0
23.9644 0.446176 0.446176 1 1 0
23.9744 0.446168 0.446168 1 1 0
23.9844 0.446159 0.446159 1 1 0
23.9944 0.446151 0.446151 1 1 0
24.0044 0.446143 0.446143 1 1 0
24.0144 0.446134 0.446134 1 1 0
24.0244 0.446126 0.446126 1 1 0
24.0344 0.446118 0.446118 1 1 0
24.0444 0.446109 0.446109 1 1 0
24.0544 0.446101 0.446101 1 1 0
24.0644 0.446093 0.446093 1 1 0
24.0744 0.446085 0.446085 1 1 0
24.0844 0.446076 0.446076 1 1 0
24.0944 0.446068 0.446068 1 1 0
24.1044 0.44606 0.44606 1 1 0
24.1144 0.446051 0.446051 1 1 0
24.1244 0.446043 0.446043 1 1 0
24.1344 0.446035 0.446035 1 1 0
24.1444 0.446027 0.446027 1 1 0
24.1544 0.446018 0.446018 1 1 0
24.1644 0.44601 0.44601 1 1 0
24.1744 0.446002 0.446002 1 1 0
24.1844 0.445994 0.445994 1 1 0
24.1944 0.445986 0.445986 1 1 0
24.2044 0.445977 0.445977 1 1 0
24.2144 0.445969 0.445969 1 1 0
24.2244 0.445961 0.445961 1 1 0
24.2344 0.445953 0.445953 1 1 0
24.2444 0.445945 0.445945 1 1 0
24.2544 0.445936 0.445936 1 1 0
24.2644 0.445928 0.445928 1 1 0
24.2744 0.44592 0.44592 1 1 0
24.2844 0.445912 0.445912 1 1 0
24.2944 0.445904 0.445904 1 1 0
24.3044 0.445896 0.445896 1 1 0
24.3144 0.445888 0.445888 1 1 0
24.3244 0.445879 0.445879 1 1 0
24.3344 0.445871 0.445871 1 1 0
24.3444 0.445863 0.445863 1 1 0
24.3544 0.445855 0.445855 1 1 0
24.3644 0.445847 0.445847 1 1 0
24.3744 0.445839 0.445839 1 1 0
24.3844 0.445831 0.445831 1 1 0
24.3944 0.445823 0.445823 1 1 0
24.4044 0.445814 0.445814 1 1 0
24.4144 0.445806 0.445806 1 1 0
24.4244 0.445798 0.445798 1 1 0
24.4344 0.44579 0.44579 1 1 0
24.4444 0.445782 0.445782 1 1 0
24.4544 0.445774 0.445774 1 1 0
24.4644 0.445766 0.445766 1 1 0
24.4744 0.445758 0.445758 1 1 0
24.4844 0.44575 0.44575 1 1 0
24.4944 0.445742 0.445742 1 1 0
24.5044 0.445734 0.445734 1 1 0
24.5144 0.445726 0.445726 1 1 0
24.5244 0.445718 0.445718 1 1 0
24.5344 0.44571 0.44571 1 1 0
24.5444 0.445702 0.445702 1 1 0
24.5544 0.445694 0.445694 1 1 0
24.5644 0.445686 0.445686 1 1 0
24.5744 0.445678 0.445678 1 1 0
24.5844 0.44567 0.44567 1 1 0
24.5944 0.445662 0.445662 1 1 0
24.6044 0.445654 0.445654 1 1 0
24.6144 0.445646 0.445646 1 1 0
24.6244 0.445638 0.445638 1 1 0
24.6344 0.44563 0.44563 1 1 0
24.6444 0.445622 0.445622 1 1 0
24.6544 0.445614 0.445614 1 1 0
24.6644 0.445606 0.445606 1 1 0
24.6744 0.445598 0.445598 1 1 0
24.6844 0.44559 0.44559 1 1 0
24.6944 0.445582 0.445582 1 1 0
24.7044 0.445574 0.445574 1 1 0
24.7144 0.445566 0.445566 1 1 0
24.7244 0.445558 0.445558 1 1 0
24.7344 0.445551 0.445551 1 1 0
24.7444 0.445543 0.445543 1 1 0
24.7544 0.445535 0.445535 1 1 0
24.7644 0.445527 0.445527 1 1 0
24.7744 0.445519 0.445519 1 1 0
24.7844 0.445511 0.445511 1 1 0
24.7944 0.445503 0.445503 1 1 0
24.8044 0.445495 0.445495 1 1 0
24.8144 0.445487 0.445487 1 1 0
24.8244 0.44548 0.44548 1 1 0
24.8344 0.445472 0.445472 1 1 0
24.8444 0.445464 0.445464 1 1 0
24.8544 0.445456 0.445456 1 1 0
24.8644 0.445448 0.445448 1 1 0
24.8744 0.44544 0.44544 1 1 0
24.8844 0.445433 0.445433 1 1 0
24.8944 0.445425 0.445425 1 1 0
24.9044 0.445417 0.445417 1 1 0
24.9144 0.445409 0.445409 1 1 0
24.9244 0.445401 0.445401 1 1 0
24.9344 0.445393 0.445393 1 1 0
24.9444 0.445386 0.445386 1 1 0
24.9544 0.445378 0.445378 1 1 0
24.9644 0.44537 0.44537 1 1 0
24.9744 0.445362 0.445362 1 1 0
24.9844 0.445354 0.445354 1 1 0
24.9944 0.445347 0.445347 1 1 0
25.0044 0.445339 0.445339 1 1 0
18.7244 0.451636 0.451636 4 18 0
18.7148 0.456893 0.44644 3 18 0
18.7072 0.45868 0.444701 3 18 0
18.6991 0.4602 0.443232 3 18 0
18.6892 0.461755 0.44174 3 18 0
18.6793 0.463111 0.440447 3 18 0
18.6693 0.464334 0.439287 3 18 0
18.6594 0.465451 0.438233 3 18 0
18.6494 0.46649 0.437257 3 18 0
18.6395 0.467465 0.436344 3 18 0
18.6295 0.468388 0.435484 3 18 0
18.6195 0.469266 0.434668 3 18 0
18.6096 0.470106 0.433891 3 18 0
18.5996 0.470912 0.433148 3 18 0
18.5896 0.471689 0.432434 3 18 0
18.5796 0.472441 0.43175 3 18 0
18.5697 0.473167 0.431086 3 18 0
18.5597 0.473872 0.430444 3 18 0
18.5497 0.474558 0.42982 3 18 0
18.5397 0.475226 0.429216 3 18 0
18.5297 0.475877 0.428628 3 18 0
18.5198 0.476512 0.428055 3 18 0
18.5098 0.477134 0.427496 3 18 0
18.4998 0.477743 0.42695 3 18 0
18.4898 0.478341 0.426412 3 18 0
18.4798 0.478926 0.42589 3 18 0
18.4698 0.4795 0.425378 3 18 0
18.4598 0.480065 0.424876 3 18 0
18.4499 0.48062 0.424384 3 18 0
18.4399 0.481166 0.423901 3 18 0
18.4299 0.481703 0.423433 3 18 0
18.4199 0.482233 0.422967 3 18 0
18.4099 0.482754 0.422508 3 18 0
18.3999 0.483269 0.422049 3 18 0
18.3899 0.483776 0.421604 3 18 0
18.3799 0.484276 0.421166 3 18 0
18.3699 0.48477 0.420738 3 18 0
18.36 0.485258 0.420312 3 18 0
18.35 0.485741 0.419893 3 18 0
18.34 0.486216 0.419483 3 18 0
18.33 0.486687 0.419074 3 18 0
18.32 0.487153 0.41867 3 18 0
18.31 0.487614 0.418265 3 18 0
18.3 0.488071 0.417871 3 18 0
18.29 0.488522 0.417482 3 18 0
18.28 0.488969 0.417097 3 18 0
18.27 0.489412 0.416716 3 18 0
18.26 0.48985 0.41634 3 18 0
18.2501 0.490284 0.415969 3 18 0
18.2401 0.490715 0.415601 3 18 0
18.2301 0.491142 0.415236 3 18 0
18.2201 0.491564 0.414874 3 18 0
18.2101 0.491984 0.414517 3 18 0
18.2001 0.4924 0.414163 3 18 0
18.1901 0.492813 0.413814 3 18 0
18.1801 0.493223 0.413467 3 18 0
18.1701 0.493629 0.413122 3 18 0
18.1601 0.494032 0.412782 3 18 0
18.1501 0.494432 0.412444 3 18 0
18.1401 0.49483 0.412109 3 18 0
18.1301 0.495224 0.411773 3 18 0
18.1201 0.495615 0.411443 3 18 0
18.1101 0.496004 0.411116 3 18 0
18.1001 0.49639 0.410791 3 18 0
18.0902 0.496774 0.410469 3 18 0
18.0802 0.497155 0.41015 3 18 0
18.0702 0.497534 0.409833 3 18 0
18.0602 0.49791 0.409518 3 18 0
18.0502 0.498284 0.409205 3 18 0
18.0402 0.498657 0.408896 3 18 0
18.0302 0.499026 0.408588 3 18 0
18.0202 0.499393 0.408282 3 18 0
18.0102 0.499761 0.40798 3 18 0
18.0002 0.500124 0.407679 3 18 0
17.9902 0.500485 0.407379 3 18 0
17.9802 0.500845 0.407078 3 18 0
17.9702 0.501202 0.406783 3 18 0
17.9602 0.501558 0.406489 3 18 0
17.9502 0.501912 0.406199 3 18 0
17.9402 0.502264 0.405908 3 18 0
17.9302 0.502614 0.40562 3 18 0
17.9202 0.502964 0.405333 3 18 0
17.9102 0.503311 0.405048 3 18 0
17.9003 0.503655 0.404764 3 18 0
17.8903 0.503997 0.404486 3 18 0
17.8803 0.504338 0.404206 3 18 0
17.8703 0.504678 0.403927 3 18 0
17.8603 0.505018 0.403645 3 18 0
17.8503 0.505355 0.403369 3 18 0
17.8403 0.50569 0.403095 3 18 0
17.8303 0.506025 0.402824 3 18 0
17.8203 0.506357 0.402553 3 18 0
17.8103 0.506688 0.402283 3 18 0
17.8003 0.507017 0.402014 3 18 0
17.7903 0.507345 0.401747 3 18 0
17.7803 0.507672 0.401482 3 18 0
17.7703 0.507997 0.401216 3 18 0
17.7603 0.508321 0.400953 3 18 0
17.7503 0.508644 0.400692 3 18 0
17.7403 0.508964 0.400434 3 18 0
17.7303 0.509285 0.400175 3 18 0
17.7203 0.509603 0.399917 3 18 0
17.7103 0.509922 0.399657 3 18 0
17.7003 0.510239 0.399401 3 18 0
17.6903 0.510554 0.399147 3 18 0
17.6803 0.510865 0.398893 3 18 0
17.6703 0.511178 0.398641 3 18 0
17.6603 0.51149 0.39839 3 18 0
17.6504 0.511802 0.398141 3 18 0
17.6404 0.512112 0.397891 3 18 0
17.6304 0.512421 0.397643 3 18 0
17.6204 0.512728 0.3974 3 18 0
17.6104 0.513035 0.397155 3 18 0
17.6004 0.513341 0.39691 3 18 0
17.5904 0.513649 0.396661 3 18 0
17.5804 0.513953 0.396418 3 18 0
17.5704 0.514255 0.396176 3 18 0
17.5604 0.514556 0.395934 3 18 0
17.5504 0.514856 0.395694 3 18 0
17.5404 0.515156 0.395454 3 18 0
17.5304 0.515455 0.395216 3 18 0
17.5204 0.515752 0.394979 3 18 0
17.5104 0.516049 0.394742 3 18 0
17.5004 0.516348 0.394514 3 18 0
17.4904 0.516644 0.394279 3 18 0
17.4804 0.516939 0.394045 3 18 0
17.4704 0.51723 0.39381 3 18 0
17.4604 0.517524 0.393578 3 18 0
17.4504 0.517816 0.393346 3 18 0
17.4404 0.518107 0.393115 3 18 0
17.4304 0.518397 0.392885 3 18 0
17.4204 0.518687 0.392656 3 18 0
17.4104 0.518975 0.392423 3 18 0
17.4004 0.519264 0.392196 3 18 0
17.3904 0.519551 0.391969 3 18 0
17.3804 0.519832 0.391742 3 18 0
17.3704 0.520118 0.391516 3 18 0
17.3604 0.520404 0.391292 3 18 0
17.3505 0.520689 0.39107 3 18 0
17.3405 0.520972 0.390847 3 18 0
17.3305 0.521254 0.390624 3 18 0
17.3205 0.521541 0.390402 3 18 0
17.3105 0.521823 0.390181 3 18 0
17.3005 0.522104 0.389961 3 18 0
17.2905 0.522385 0.38974 3 18 0
17.2805 0.522664 0.389521 3 18 0
17.2705 0.522943 0.389302 3 18 0
17.2605 0.523221 0.389083 3 18 0
17.2505 0.523498 0.388866 3 18 0
17.2405 0.523775 0.388649 3 18 0
17.2305 0.524051 0.388434 3 18 0
17.2205 0.524326 0.388218 3 18 0
17.2105 0.5246 0.388004 3 18 0
17.2005 0.524871 0.387791 3 18 0
17.1905 0.525145 0.387577 3 18 0
17.1805 0.525417 0.387364 3 18 0
17.1705 0.525691 0.387152 3 18 0
17.1605 0.525963 0.38694 3 18 0
17.1505 0.526233 0.386728 3 18 0
17.1405 0.526505 0.386522 3 18 0
17.1305 0.526775 0.386312 3 18 0
17.1205 0.527044 0.386102 3 18 0
17.1105 0.527314 0.38589 3 18 0
17.1005 0.527582 0.385682 3 18 0
17.0905 0.52785 0.385474 3 18 0
17.0805 0.528116 0.38527 3 18 0
17.0705 0.528382 0.385063 3 18 0
17.0605 0.528648 0.384857 3 18 0
17.0505 0.528915 0.384645 3 18 0
17.0405 0.52918 0.38444 3 18 0
17.0305 0.529444 0.384235 3 18 0
17.0205 0.529706 0.384034 3 18 0
17.0105 0.529969 0.38383 3 18 0
17.0005 0.530231 0.383626 3 18 0
16.9906 0.530493 0.383424 3 18 0
16.9806 0.530755 0.383222 3 18 0
16.9706 0.531016 0.38302 3 18 0
16.9606 0.531275 0.382817 3 18 0
16.9506 0.531536 0.382616 3 18 0
16.9406 0.531795 0.382415 3 18 0
16.9306 0.532053 0.382214 3 18 0
16.9206 0.532311 0.382014 3 18 0
16.9106 0.53257 0.381815 3 18 0
16.9006 0.532831 0.381615 3 18 0
16.8906 0.533089 0.381416 3 18 0
16.8806 0.533347 0.381218 3 18 0
16.8706 0.533606 0.38102 3 18 0
16.8606 0.533863 0.380822 3 18 0
16.8506 0.534119 0.380626 3 18 0
16.8406 0.534377 0.380428 3 18 0
16.8306 0.534632 0.380232 3 18 0
16.8206 0.534887 0.380037 3 18 0
16.8106 0.535143 0.379841 3 18 0
16.8006 0.535397 0.379647 3 18 0
16.7906 0.53565 0.379452 3 18 0
16.7806 0.535903 0.379256 3 18 0
16.7706 0.536156 0.379062 3 18 0
16.7606 0.536408 0.378869 3 18 0
16.7506 0.536659 0.378677 3 18 0
16.7406 0.53691 0.378485 3 18 0
16.7306 0.537161 0.378292 3 18 0
16.7206 0.537411 0.3781 3 18 0
16.7106 0.537661 0.377909 3 18 0
16.7006 0.537911 0.377718 3 18 0
16.6906 0.538161 0.377526 3 18 0
16.6806 0.53841 0.377336 3 18 0
16.6706 0.538659 0.377146 3 18 0
16.6606 0.538908 0.376956 3 18 0
16.6506 0.539156 0.376767 3 18 0
16.6406 0.539404 0.376578 3 18 0
16.6306 0.539652 0.376389 3 18 0
16.6206 0.5399 0.376201 3 18 0
16.6106 0.540146 0.376013 3 18 0
16.6006 0.540393 0.375827 3 18 0
16.5906 0.540638 0.37564 3 18 0
16.5806 0.540884 0.375453 3 18 0
16.5707 0.541128 0.375273 3 18 0
16.5607 0.541374 0.375087 3 18 0
16.5507 0.541618 0.374901 3 18 0
16.5407 0.541861 0.374712 3 18 0
16.5307 0.542105 0.374526 3 18 0
16.5207 0.542349 0.374341 3 18 0
16.5107 0.542594 0.374151 3 18 0
16.5007 0.542837 0.373966 3 18 0
16.4907 0.54308 0.373782 3 18 0
16.4807 0.543323 0.373608 3 18 0
16.4707 0.543565 0.373424 3 18 0
16.4607 0.543807 0.373241 3 18 0
16.4507 0.544048 0.373054 3 18 0
16.4407 0.544289 0.372872 3 18 0
16.4307 0.54453 0.372689 3 18 0
16.4207 0.544771 0.372504 3 18 0
16.4107 0.545011 0.372322 3 18 0
16.4007 0.545251 0.37214 3 18 0
16.3907 0.545491 0.371961 3 18 0
16.3807 0.54573 0.37178 3 18 0
16.3707 0.54597 0.371599 3 18 0
16.3607 0.546208 0.371416 3 18 0
16.3507 0.546447 0.371236 3 18 0
16.3407 0.546685 0.371056 3 18 0
16.3307 0.546922 0.370874 3 18 0
16.3207 0.54716 0.370694 3 18 0
16.3107 0.547398 0.370515 3 18 0
16.3007 0.547636 0.37034 3 18 0
16.2907 0.547873 0.370162 3 18 0
16.2807 0.54811 0.369983 3 18 0
16.2707 0.548346 0.369804 3 18 0
16.2607 0.548582 0.369626 3 18 0
16.2507 0.548818 0.369448 3 18 0
16.2407 0.549048 0.36927 3 18 0
16.2307 0.549283 0.369092 3 18 0
16.2207 0.549518 0.368916 3 18 0
16.2107 0.549759 0.368745 3 18 0
16.2007 0.549993 0.368569 3 18 0
16.1907 0.550228 0.368393 3 18 0
16.1807 0.550462 0.368216 3 18 0
16.1707 0.550696 0.36804 3 18 0
16.1607 0.550929 0.367865 3 18 0
16.1507 0.551163 0.367691 3 18 0
16.1407 0.551396 0.367516 3 18 0
16.1307 0.551629 0.367341 3 18 0
16.1207 0.55186 0.367163 3 18 0
16.1107 0.552093 0.366989 3 18 0
16.1008 0.552325 0.366815 3 18 0
16.0908 0.552555 0.366638 3 18 0
16.0808 0.552787 0.366464 3 18 0
16.0708 0.553019 0.366291 3 18 0
16.0608 0.553247 0.366115 3 18 0
16.0508 0.553479 0.365942 3 18 0
16.0408 0.55371 0.365769 3 18 0
16.0308 0.553937 0.365595 3 18 0
16.0208 0.554168 0.365422 3 18 0
16.0108 0.554398 0.36525 3 18 0
16.0008 0.554627 0.365081 3 18 0
15.9908 0.554857 0.364909 3 18 0
15.9808 0.555086 0.364737 3 18 0
15.9708 0.55532 0.364569 3 18 0
15.9608 0.555549 0.364398 3 18 0
15.9508 0.555777 0.364227 3 18 0
15.9408 0.556009 0.364061 3 18 0
15.9308 0.556238 0.36389 3 18 0
15.9208 0.556466 0.36372 3 18 0
15.9108 0.556693 0.363538 3 18 0
15.9008 0.55692 0.363368 3 18 0
15.8908 0.557147 0.363198 3 18 0
15.8808 0.557375 0.363029 3 18 0
15.8708 0.557602 0.362859 3 18 0
15.8608 0.557828 0.36269 3 18 0
15.8508 0.558056 0.362521 3 18 0
15.8408 0.558283 0.362352 3 18 0
15.8308 0.558509 0.362183 3 18 0
15.8208 0.558737 0.362015 3 18 0
15.8108 0.558962 0.361847 3 18 0
15.8008 0.559188 0.361678 3 18 0
15.7908 0.559415 0.361512 3 18 0
15.7808 0.55964 0.361344 3 18 0
15.7708 0.559865 0.361176 3 18 0
15.7608 0.560092 0.36101 3 18 0
15.7508 0.560317 0.360843 3 18 0
15.7408 0.560541 0.360676 3 18 0
15.7308 0.560767 0.360511 3 18 0
15.7208 0.560992 0.360344 3 18 0
15.7108 0.561216 0.360177 3 18 0
15.7008 0.561441 0.360014 3 18 0
15.6908 0.561665 0.359847 3 18 0
15.6808 0.561889 0.359681 3 18 0
15.6708 0.562114 0.359516 3 18 0
15.6608 0.562337 0.359351 3 18 0
15.6508 0.56256 0.359185 3 18 0
15.6408 0.562786 0.359012 3 18 0
15.6308 0.563009 0.358847 3 18 0
15.6208 0.563232 0.358681 3 18 0
15.6108 0.563454 0.358517 3 18 0
15.6009 0.563677 0.358352 3 18 0
15.5909 0.563899 0.358187 3 18 0
15.5809 0.564121 0.358023 3 18 0
15.5709 0.564343 0.357859 3 18 0
15.5609 0.564565 0.357695 3 18 0
15.5509 0.564787 0.357531 3 18 0
15.5409 0.565008 0.357367 3 18 0
15.5309 0.56523 0.357203 3 18 0
15.5209 0.565452 0.357038 3 18 0
15.5109 0.565673 0.356874 3 18 0
15.5009 0.565894 0.356711 3 18 0
15.4909 0.566116 0.356547 3 18 0
15.4809 0.566336 0.356384 3 18 0
15.4709 0.566557 0.356222 3 18 0
15.4609 0.566777 0.356061 3 18 0
15.4509 0.566997 0.355898 3 18 0
15.4409 0.567217 0.355736 3 18 0
15.4309 0.567438 0.355578 3 18 0
15.4209 0.567657 0.355416 3 18 0
15.4109 0.567877 0.355254 3 18 0
15.4009 0.568097 0.355085 3 18 0
15.3909 0.568317 0.354924 3 18 0
15.3809 0.568536 0.354762 3 18 0
15.3709 0.568755 0.354599 3 18 0
15.3609 0.568974 0.354438 3 18 0
15.3509 0.569192 0.354276 3 18 0
15.3409 0.569407 0.354119 3 18 0
15.3309 0.569625 0.353958 3 18 0
15.3209 0.569843 0.353797 3 18 0
15.3109 0.570072 0.353639 3 18 0
15.3009 0.570291 0.353478 3 18 0
15.2909 0.570509 0.353318 3 18 0
15.2809 0.570718 0.353155 3 18 0
15.2709 0.570936 0.352995 3 18 0
15.2609 0.571153 0.352835 3 18 0
15.2509 0.571376 0.352677 3 18 0
15.2409 0.571594 0.352518 3 18 0
15.2309 0.571812 0.352358 3 18 0
15.2209 0.572022 0.352202 3 18 0
15.2109 0.57224 0.352042 3 18 0
15.2009 0.572458 0.351883 3 18 0
15.1909 0.572677 0.351722 3 18 0
15.1809 0.572894 0.351563 3 18 0
15.1709 0.57311 0.351404 3 18 0
15.1609 0.573334 0.35125 3 18 0
15.1509 0.57355 0.351092 3 18 0
15.1409 0.573766 0.350933 3 18 0
15.1309 0.573985 0.350773 3 18 0
15.1209 0.574201 0.350615 3 18 0
15.1109 0.574417 0.350457 3 18 0
15.1009 0.574635 0.350299 3 18 0
15.0909 0.57485 0.350141 3 18 0
15.081 0.575066 0.349984 3 18 0
15.071 0.575279 0.349829 3 18 0
15.061 0.575495 0.349672 3 18 0
15.051 0.57571 0.349515 3 18 0
15.041 0.575923 0.349355 3 18 0
15.031 0.576138 0.349198 3 18 0
15.021 0.576352 0.349041 3 18 0
15.011 0.576568 0.348883 3 18 0
15.001 0.576782 0.348727 3 18 0
14.991 0.576996 0.34857 3 18 0
14.981 0.57721 0.348409 3 18 0
14.971 0.577424 0.348253 3 18 0
14.961 0.577638 0.348096 3 18 0
14.951 0.577851 0.347941 3 18 0
14.941 0.578066 0.347785 3 18 0
14.931 0.578281 0.34763 3 18 0
14.921 0.578497 0.347472 3 18 0
14.911 0.578712 0.347317 3 18 0
14.901 0.578926 0.347161 3 18 0
14.891 0.579139 0.347005 3 18 0
14.881 0.579354 0.34685 3 18 0
14.871 0.579569 0.346695 3 18 0
14.861 0.579781 0.346541 3 18 0
14.851 0.579996 0.346386 3 18 0
14.841 0.58021 0.346231 3 18 0
14.831 0.580426 0.346077 3 18 0
14.821 0.58064 0.345923 3 18 0
14.811 0.580854 0.345769 3 18 0
14.801 0.58107 0.345615 3 18 0
14.791 0.581284 0.345461 3 18 0
14.781 0.581497 0.345308 3 18 0
14.771 0.581712 0.345157 3 18 0
14.761 0.581925 0.345003 3 18 0
14.751 0.582138 0.34485 3 18 0
14.741 0.58235 0.344699 3 18 0
14.731 0.582562 0.344546 3 18 0
14.721 0.582774 0.344393 3 18 0
14.711 0.58298 0.344242 3 18 0
14.701 0.583192 0.344089 3 18 0
14.691 0.583404 0.343936 3 18 0
14.681 0.583625 0.343785 3 18 0
14.671 0.583837 0.343632 3 18 0
14.661 0.584049 0.34348 3 18 0
14.651 0.584261 0.343316 3 18 0
14.641 0.584473 0.343164 3 18 0
14.631 0.584684 0.343012 3 18 0
14.621 0.584887 0.342868 3 18 0
14.611 0.585098 0.342717 3 18 0
14.601 0.585309 0.342565 3 18 0
14.591 0.585533 0.342409 3 18 0
14.581 0.585744 0.342258 3 18 0
14.571 0.585956 0.342106 3 18 0
14.5611 0.586163 0.341952 3 18 0
14.5511 0.586374 0.3418 3 18 0
14.5411 0.586585 0.341649 3 18 0
14.5311 0.586801 0.34151 3 18 0
14.5211 0.587013 0.34136 3 18 0
14.5111 0.587224 0.341209 3 18 0
14.5011 0.587434 0.341045 3 18 0
14.4911 0.587645 0.340895 3 18 0
14.4811 0.587856 0.340745 3 18 0
14.4711 0.588066 0.340595 3 18 0
14.4611 0.588277 0.340445 3 18 0
14.4511 0.588488 0.340295 3 18 0
14.4411 0.588698 0.340153 3 18 0
14.4311 0.588909 0.340003 3 18 0
14.4211 0.58912 0.339854 3 18 0
14.4111 0.589323 0.339697 3 18 0
14.4011 0.589534 0.339548 3 18 0
14.3911 0.589745 0.339398 3 18 0
14.3811 0.589957 0.339249 3 18 0
14.3711 0.590168 0.3391 3 18 0
14.3611 0.590379 0.338951 3 18 0
14.3511 0.590591 0.338815 3 18 0
14.3411 0.590801 0.338666 3 18 0
14.3311 0.591012 0.338518 3 18 0
14.3211 0.591212 0.338363 3 18 0
14.3111 0.591423 0.338214 3 18 0
14.3011 0.591634 0.338066 3 18 0
14.2911 0.591848 0.337913 3 18 0
14.2811 0.592058 0.337765 3 18 0
14.2711 0.592269 0.337618 3 18 0
14.2611 0.592481 0.337474 3 18 0
14.2511 0.592691 0.337326 3 18 0
14.2411 0.592901 0.337179 3 18 0
14.2311 0.59311 0.337032 3 18 0
14.2211 0.59332 0.336886 3 18 0
14.2111 0.59353 0.336739 3 18 0
14.2011 0.593739 0.336593 3 18 0
14.1911 0.593948 0.336446 3 18 0
14.1811 0.594158 0.3363 3 18 0
14.1711 0.594367 0.336155 3 18 0
14.1611 0.594576 0.336009 3 18 0
14.1511 0.594785 0.335863 3 18 0
14.1411 0.594994 0.335718 3 18 0
14.1311 0.595203 0.335572 3 18 0
14.1211 0.595413 0.335427 3 18 0
14.1111 0.595621 0.335282 3 18 0
14.1011 0.59583 0.335137 3 18 0
14.0912 0.596039 0.334992 3 18 0
14.0812 0.596248 0.334847 3 18 0
14.0712 0.596457 0.334702 3 18 0
14.0612 0.596666 0.334557 3 18 0
14.0512 0.596874 0.334413 3 18 0
14.0412 0.597083 0.334268 3 18 0
14.0312 0.597291 0.334124 3 18 0
14.0212 0.5975 0.33398 3 18 0
14.0112 0.597708 0.333836 3 18 0
14.0012 0.597916 0.333692 3 18 0
13.9912 0.598125 0.333547 3 18 0
13.9812 0.598333 0.333403 3 18 0
13.9712 0.598541 0.33326 3 18 0
13.9612 0.598751 0.33311 3 18 0
13.9512 0.598959 0.332967 3 18 0
13.9412 0.599167 0.332824 3 18 0
13.9312 0.599372 0.332693 3 18 0
13.9212 0.599579 0.332551 3 18 0
13.9112 0.599787 0.332409 3 18 0
13.9012 0.599995 0.332263 3 18 0
13.8912 0.600202 0.332121 3 18 0
13.8812 0.60041 0.33198 3 18 0
13.8712 0.600615 0.331844 3 18 0
13.8612 0.600822 0.331702 3 18 0
13.8512 0.601028 0.331561 3 18 0
13.8412 0.601234 0.33142 3 18 0
13.8312 0.60144 0.331279 3 18 0
13.8212 0.601647 0.331137 3 18 0
13.8112 0.601855 0.330992 3 18 0
13.8012 0.602064 0.330851 3 18 0
13.7912 0.602273 0.33071 3 18 0
13.7812 0.602483 0.330562 3 18 0
13.7712 0.602692 0.330421 3 18 0
13.7612 0.602901 0.330281 3 18 0
13.7512 0.60311 0.330143 3 18 0
13.7412 0.603319 0.330003 3 18 0
13.7312 0.603528 0.329863 3 18 0
13.7212 0.603741 0.329725 3 18 0
13.7112 0.603948 0.329586 3 18 0
13.7012 0.604156 0.329447 3 18 0
13.6912 0.604362 0.329305 3 18 0
13.6812 0.60457 0.329166 3 18 0
13.6712 0.604778 0.329028 3 18 0
13.6613 0.604983 0.328892 3 18 0
13.6513 0.60519 0.328754 3 18 0
13.6413 0.605396 0.328616 3 18 0
13.6313 0.605601 0.328488 3 18 0
13.6213 0.605807 0.32835 3 18 0
13.6113 0.606013 0.328213 3 18 0
13.6013 0.606229 0.328075 3 18 0
13.5913 0.606435 0.327938 3 18 0
13.5813 0.606642 0.327801 3 18 0
13.5713 0.606844 0.327673 3 18 0
13.5613 0.60705 0.327537 3 18 0
13.5513 0.607256 0.3274 3 18 0
13.5413 0.607472 0.327259 3 18 0
13.5313 0.607679 0.327124 3 18 0
13.5213 0.607886 0.326988 3 18 0
13.5113 0.60809 0.326858 3 18 0
13.5013 0.608296 0.326723 3 18 0
13.4913 0.608502 0.326588 3 18 0
13.4813 0.608714 0.32645 3 18 0
13.4713 0.60892 0.326316 3 18 0
13.4613 0.609127 0.326182 3 18 0
13.4513 0.609334 0.326051 3 18 0
13.4413 0.60954 0.325917 3 18 0
13.4313 0.609747 0.325783 3 18 0
13.4213 0.609955 0.325651 3 18 0
13.4113 0.610161 0.325518 3 18 0
13.4013 0.610367 0.325385 3 18 0
13.3913 0.610575 0.325255 3 18 0
13.3813 0.610781 0.325123 3 18 0
13.3713 0.610987 0.32499 3 18 0
13.3613 0.611195 0.324861 3 18 0
13.3513 0.611401 0.324729 3 18 0
13.3413 0.611607 0.324598 3 18 0
13.3313 0.611814 0.32447 3 18 0
13.3213 0.61202 0.324339 3 18 0
13.3113 0.612226 0.324208 3 18 0
13.3014 0.612433 0.324081 3 18 0
13.2914 0.612639 0.323951 3 18 0
13.2814 0.612845 0.323821 3 18 0
13.2714 0.613052 0.323696 3 18 0
13.2614 0.613258 0.323566 3 18 0
13.2514 0.613463 0.323437 3 18 0
13.2414 0.61367 0.323313 3 18 0
13.2314 0.613876 0.323184 3 18 0
13.2214 0.614081 0.323056 3 18 0
13.2114 0.614288 0.322933 3 18 0
13.2014 0.614493 0.322806 3 18 0
13.1914 0.614698 0.322679 3 18 0
13.1814 0.614905 0.322554 3 18 0
13.1714 0.61511 0.322429 3 18 0
13.1614 0.615314 0.322305 3 18 0
13.1514 0.615522 0.32217 3 18 0
13.1414 0.615727 0.322047 3 18 0
13.1314 0.615931 0.321923 3 18 0
13.1214 0.616137 0.321803 3 18 0
13.1114 0.616341 0.32168 3 18 0
13.1014 0.616545 0.321558 3 18 0
13.0914 0.616747 0.32143 3 18 0
13.0814 0.616955 0.321307 3 18 0
13.0714 0.617163 0.321183 3 18 0
13.0614 0.617374 0.321061 3 18 0
13.0514 0.617582 0.320939 3 18 0
13.0414 0.617789 0.320816 3 18 0
13.0314 0.618001 0.32069 3 18 0
13.0214 0.618207 0.320569 3 18 0
13.0115 0.618413 0.320448 3 18 0
13.0015 0.618605 0.320338 3 18 0
12.9915 0.618813 0.32022 3 18 0
12.9815 0.619021 0.320102 3 18 0
12.9715 0.619219 0.319981 3 18 0
12.9615 0.619422 0.319862 3 18 0
12.9515 0.619627 0.319743 3 18 0
12.9415 0.619839 0.319635 3 18 0
12.9315 0.620042 0.319518 3 18 0
12.9215 0.620245 0.3194 3 18 0
12.9115 0.62045 0.319264 3 18 0
12.9015 0.620654 0.319148 3 18 0
12.8915 0.620863 0.319033 3 18 0
12.8815 0.621079 0.31892 3 18 0
12.8715 0.621286 0.318806 3 18 0
12.8615 0.621493 0.318693 3 18 0
12.8515 0.621699 0.318581 3 18 0
12.8415 0.621905 0.318469 3 18 0
12.8315 0.622111 0.318357 3 18 0
12.8215 0.622317 0.318241 3 18 0
12.8115 0.622523 0.318129 3 18 0
12.8015 0.622728 0.318017 3 18 0
12.7915 0.622916 0.317914 3 18 0
12.7815 0.623118 0.317803 3 18 0
12.7716 0.62332 0.317693 3 18 0
12.7616 0.623528 0.31759 3 18 0
12.7516 0.623729 0.317483 3 18 0
12.7416 0.623937 0.317377 3 18 0
12.7316 0.624153 0.317255 3 18 0
12.7216 0.624355 0.317148 3 18 0
12.7116 0.624557 0.317042 3 18 0
12.7016 0.62477 0.316943 3 18 0
12.6916 0.624972 0.316837 3 18 0
12.6816 0.625174 0.316731 3 18 0
12.6716 0.625371 0.316624 3 18 0
12.6616 0.625579 0.316522 3 18 0
12.6516 0.625787 0.31642 3 18 0
12.6416 0.626003 0.316321 3 18 0
12.6316 0.626208 0.31622 3 18 0
12.6216 0.626413 0.316121 3 18 0
12.6116 0.626617 0.316017 3 18 0
12.6016 0.626821 0.315919 3 18 0
12.5916 0.627025 0.315821 3 18 0
12.5816 0.627228 0.315716 3 18 0
12.5717 0.627431 0.315618 3 18 0
12.5617 0.627634 0.315522 3 18 0
12.5517 0.627832 0.315427 3 18 0
12.5417 0.628034 0.315331 3 18 0
12.5317 0.628234 0.315236 3 18 0
12.5217 0.628437 0.315149 3 18 0
12.5117 0.628644 0.315054 3 18 0
12.5017 0.628851 0.31496 3 18 0
12.4917 0.629063 0.314886 3 18 0
12.4817 0.629266 0.314793 3 18 0
12.4717 0.629469 0.3147 3 18 0
12.4617 0.629657 0.314605 3 18 0
12.4517 0.629856 0.314518 3 18 0
12.4417 0.630056 0.314433 3 18 0
12.4317 0.630275 0.314341 3 18 0
12.4217 0.630475 0.314256 3 18 0
12.4118 0.630674 0.314173 3 18 0
12.4018 0.630879 0.314079 3 18 0
12.3918 0.631078 0.313997 3 18 0
12.3818 0.631276 0.313916 3 18 0
12.3718 0.631479 0.313826 3 18 0
12.3618 0.631677 0.313746 3 18 0
12.3518 0.631883 0.313668 3 18 0
12.3418 0.632086 0.313582 3 18 0
12.3318 0.632292 0.313505 3 18 0
12.3218 0.632497 0.313428 3 18 0
12.3118 0.632701 0.31335 3 18 0
12.3018 0.632905 0.313274 3 18 0
12.2918 0.633109 0.313199 3 18 0
12.2819 0.633313 0.313131 3 18 0
12.2719 0.633515 0.313057 3 18 0
12.2619 0.633716 0.312984 3 18 0
12.2519 0.633909 0.312912 3 18 0
12.2419 0.634107 0.312842 3 18 0
12.2319 0.634303 0.312773 3 18 0
12.2219 0.63451 0.312706 3 18 0
12.2119 0.634714 0.31264 3 18 0
12.2019 0.634917 0.312575 3 18 0
12.1919 0.635111 0.312534 3 18 0
12.1819 0.635307 0.312468 3 18 0
12.172 0.635502 0.312403 3 18 0
12.162 0.635702 0.312338 3 18 0
12.152 0.635897 0.312276 3 18 0
12.142 0.636095 0.312216 3 18 0
12.132 0.636299 0.312162 3 18 0
12.122 0.636492 0.31211 3 18 0
12.112 0.636692 0.31206 3 18 0
12.102 0.636894 0.311994 3 18 0
12.092 0.637098 0.311941 3 18 0
12.0821 0.637301 0.31189 3 18 0
12.0721 0.637496 0.311845 3 18 0
12.0621 0.637698 0.311796 3 18 0
12.0521 0.637899 0.311749 3 18 0
12.0421 0.638093 0.311709 3 18 0
12.0321 0.638294 0.311664 3 18 0
12.0221 0.638493 0.311621 3 18 0
12.0121 0.638684 0.311591 3 18 0
12.0022 0.638884 0.311549 3 18 0
11.9922 0.639082 0.311509 3 18 0
11.9822 0.63928 0.311493 3 18 0
11.9722 0.639476 0.311454 3 18 0
11.9622 0.63967 0.311417 3 18 0
11.9522 0.639865 0.311381 3 18 0
11.9422 0.640058 0.311356 3 18 0
11.9322 0.640249 0.311334 3 18 0
11.9223 0.640438 0.311306 3 18 0
11.9123 0.640626 0.311288 3 18 0
11.9023 0.640813 0.311272 3 18 0
11.8923 0.641003 0.311225 3 18 0
11.8823 0.641204 0.311208 3 18 0
11.8723 0.641403 0.311193 3 18 0
11.8624 0.641599 0.311189 3 18 0
11.8524 0.641795 0.311182 3 18 0
11.8424 0.64199 0.311177 3 18 0
11.8324 0.642183 0.311163 3 18 0
11.8224 0.642373 0.311152 3 18 0
11.8124 0.64256 0.311144 3 18 0
11.8025 0.642736 0.311153 3 18 0
11.7925 0.642923 0.311147 3 18 0
11.7825 0.643119 0.311145 3 18 0
11.7725 0.643315 0.311152 3 18 0
11.7625 0.643507 0.311155 3 18 0
11.7526 0.643698 0.31116 3 18 0
11.7426 0.643885 0.31117 3 18 0
11.7326 0.644069 0.311186 3 18 0
11.7226 0.644251 0.311206 3 18 0
11.7127 0.644422 0.31122 3 18 0
11.7027 0.644616 0.311244 3 18 0
11.6927 0.644808 0.311273 3 18 0
11.6827 0.645001 0.311319 3 18 0
11.6728 0.645184 0.311342 3 18 0
11.6628 0.645366 0.311366 3 18 0
11.6528 0.645526 0.311412 3 18 0
11.6428 0.645701 0.311441 3 18 0
11.6329 0.645894 0.311474 3 18 0
11.6229 0.646088 0.311508 3 18 0
11.6129 0.646273 0.311552 3 18 0
11.6029 0.646456 0.311602 3 18 0
11.593 0.646632 0.31167 3 18 0
11.583 0.646805 0.311735 3 18 0
11.573 0.646975 0.311794 3 18 0
11.5631 0.64715 0.311832 3 18 0
11.5531 0.647334 0.311895 3 18 0
11.5431 0.647516 0.311963 3 18 0
11.5332 0.647692 0.312052 3 18 0
11.5232 0.64786 0.312138 3 18 0
11.5132 0.648025 0.312218 3 18 0
11.5033 0.648207 0.312305 3 18 0
11.4933 0.648383 0.312379 3 18 0
11.4833 0.648555 0.31246 3 18 0
11.4734 0.648708 0.312551 3 18 0
11.4634 0.648865 0.312643 3 18 0
11.4535 0.649041 0.312743 3 18 0
11.4435 0.649228 0.312848 3 18 0
11.4336 0.649392 0.312961 3 18 0
11.4236 0.649551 0.313081 3 18 0
11.4137 0.649686 0.31322 3 18 0
11.4037 0.649858 0.313331 3 18 0
11.3937 0.650032 0.313449 3 18 0
11.3838 0.650206 0.31358 3 18 0
11.3739 0.650363 0.313712 3 18 0
11.3639 0.650514 0.313853 3 18 0
11.354 0.650659 0.314029 3 18 0
11.344 0.650826 0.314166 3 18 0
11.3341 0.650987 0.314313 3 18 0
11.3241 0.651126 0.31447 3 18 0
11.3142 0.651265 0.314644 3 18 0
11.3043 0.651429 0.314829 3 18 0
11.2943 0.651571 0.315018 3 18 0
11.2844 0.651703 0.315185 3 18 0
11.2745 0.651866 0.315363 3 18 0
11.2645 0.652026 0.31557 3 18 0
11.2546 0.652164 0.315788 3 18 0
11.2447 0.652294 0.315977 3 18 0
11.2348 0.652421 0.316175 3 18 0
11.2248 0.652574 0.316396 3 18 0
11.2149 0.652718 0.316631 3 18 0
11.205 0.652839 0.316853 3 18 0
11.1951 0.652953 0.317097 3 18 0
11.1852 0.653101 0.317358 3 18 0
11.1753 0.653223 0.317593 3 18 0
11.1654 0.653341 0.317856 3 18 0
11.1555 0.653481 0.318137 3 18 0
11.1456 0.653602 0.3184 3 18 0
11.1357 0.653704 0.318681 3 18 0
11.1258 0.653824 0.318981 3 18 0
11.1159 0.653957 0.319271 3 18 0
11.1061 0.65407 0.319581 3 18 0
11.0962 0.65417 0.319914 3 18 0
11.0863 0.654277 0.320238 3 18 0
11.0765 0.65439 0.320553 3 18 0
11.0666 0.654488 0.320892 3 18 0
11.0567 0.654589 0.321267 3 18 0
11.0469 0.654682 0.321606 3 18 0
11.0371 0.654758 0.321971 3 18 0
11.0272 0.654839 0.322367 3 18 0
11.0174 0.654948 0.322761 3 18 0
11.0076 0.655037 0.323138 3 18 0
10.9978 0.655113 0.323555 3 18 0
10.988 0.655167 0.323962 3 18 0
10.9782 0.655263 0.324406 3 18 0
10.9684 0.655338 0.324855 3 18 0
10.9586 0.655391 0.325294 3 18 0
10.9489 0.655457 0.325743 3 18 0
10.9391 0.655528 0.326227 3 18 0
10.9294 0.655568 0.3267 3 18 0
10.9197 0.655627 0.327222 3 18 0
10.91 0.655683 0.327715 3 18 0
10.9003 0.655701 0.328219 3 18 0
10.8906 0.655767 0.328782 3 18 0
10.8809 0.655793 0.329295 3 18 0
10.8713 0.655832 0.32987 3 18 0
10.8617 0.655861 0.330406 3 18 0
10.8521 0.655883 0.330984 3 18 0
10.8426 0.655906 0.331591 3 18 0
10.833 0.655921 0.332173 3 18 0
10.8235 0.655939 0.3328 3 18 0
10.8141 0.655945 0.333399 3 18 0
10.8047 0.655943 0.334054 3 18 0
10.7953 0.655959 0.334702 3 18 0
10.786 0.655938 0.335313 3 18 0
10.7767 0.655945 0.335989 3 18 0
10.7675 0.655932 0.336662 3 18 0
10.7584 0.655916 0.3373 3 18 0
10.7494 0.655915 0.337978 3 18 0
10.7405 0.655902 0.338643 3 18 0
10.7317 0.655889 0.339326 3 18 0
10.7231 0.655872 0.340023 3 18 0
10.7146 0.65586 0.340678 3 18 0
10.7063 0.655828 0.34133 3 18 0
10.6983 0.655813 0.341973 3 18 0
10.6905 0.655794 0.342599 3 18 0
10.6831 0.655785 0.343194 3 18 0
10.6761 0.655777 0.343772 3 18 0
10.6695 0.65576 0.344345 3 18 0
10.6634 0.655748 0.344824 3 18 0
10.6579 0.655738 0.345367 3 18 0
10.6529 0.655728 0.345736 3 18 0
10.6486 0.65571 0.346106 3 18 0
10.6449 0.65571 0.346382 3 18 0
10.6418 0.655694 0.346717 3 18 0
10.6392 0.655688 0.346957 3 18 0
10.6371 0.655687 0.347146 3 18 0
10.6354 0.655681 0.347193 3 18 0
10.6341 0.655687 0.347333 3 18 0
10.6331 0.655658 0.347506 3 18 0
10.6324 0.655667 0.347493 3 18 0
10.6318 0.655658 0.347647 3 18 0
10.6314 0.655683 0.347537 3 18 0
10.6312 0.655664 0.347657 3 18 0
10.631 0.655648 0.347572 3 18 0
10.6309 0.655682 0.348018 4 18 0
10.6308 0.655684 0.347604 4 18 0
10.6308 0.655623 0.348019 4 18 0
10.6308 0.655349 0.348672 4 18 0
10.6308 0.655607 0.347642 4 18 0
10.6308 0.655594 0.347624 4 18 0
10.6308 0.655279 0.347926 4 18 0
10.6308 0.655626 0.347963 4 18 0
10.6308 0.655564 0.347574 4 18 0
10.6308 0.655116 0.347836 4 18 0
10.6308 0.6555 0.348209 4 18 0
10.6308 0.6555 0.348209 4 18 0
