5 1.63685 1.63685 2 1 0
4.99049 1.63375 1.63375 1 1 0
4.98099 1.63064 1.63064 1 1 0
4.97148 1.62754 1.62754 1 1 0
4.96198 1.62444 1.62444 1 1 0
4.95247 1.62133 1.62133 1 1 0
4.94296 1.61823 1.61823 1 1 0
4.93346 1.61512 1.61512 1 1 0
4.92395 1.61202 1.61202 1 1 0
4.91445 1.60892 1.60892 1 1 0
4.90494 1.60581 1.60581 1 1 0
4.89543 1.60271 1.60271 1 1 0
4.88593 1.5996 1.5996 1 1 0
4.87642 1.5965 1.5965 1 1 0
4.86692 1.5934 1.5934 1 1 0
4.85741 1.59029 1.59029 1 1 0
4.8479 1.58719 1.58719 1 1 0
4.8384 1.58408 1.58408 1 1 0
4.82889 1.58098 1.58098 1 1 0
4.81938 1.57788 1.57788 1 1 0
4.80988 1.57477 1.57477 1 1 0
4.80037 1.57167 1.57167 1 1 0
4.79087 1.56856 1.56856 1 1 0
4.78136 1.56546 1.56546 1 1 0
4.77185 1.56236 1.56236 1 1 0
4.76235 1.55925 1.55925 1 1 0
4.75284 1.55615 1.55615 1 1 0
4.74334 1.55304 1.55304 1 1 0
4.73383 1.54994 1.54994 1 1 0
4.72432 1.54684 1.54684 1 1 0
4.71482 1.54373 1.54373 1 1 0
4.70531 1.54063 1.54063 1 1 0
4.69581 1.53752 1.53752 1 1 0
4.6863 1.53442 1.53442 1 1 0
4.67679 1.53132 1.53132 1 1 0
4.66729 1.52821 1.52821 1 1 0
4.65778 1.52511 1.52511 1 1 0
4.64828 1.522 1.522 1 1 0
4.63877 1.5189 1.5189 1 1 0
4.62926 1.5158 1.5158 1 1 0
4.61976 1.51269 1.51269 1 1 0
4.61025 1.50959 1.50959 1 1 0
4.60075 1.50648 1.50648 1 1 0
4.59124 1.50338 1.50338 1 1 0
4.58173 1.50028 1.50028 1 1 0
4.57223 1.49717 1.49717 1 1 0
4.56272 1.49407 1.49407 1 1 0
4.55322 1.49096 1.49096 1 1 0
4.54371 1.48786 1.48786 1 1 0
4.5342 1.48476 1.48476 1 1 0
4.5247 1.48165 1.48165 1 1 0
4.51519 1.47855 1.47855 1 1 0
4.50569 1.47544 1.47544 1 1 0
4.49618 1.47234 1.47234 1 1 0
4.48667 1.46924 1.46924 1 1 0
4.47717 1.46613 1.46613 1 1 0
4.46766 1.46303 1.46303 1 1 0
4.45815 1.45992 1.45992 1 1 0
4.44865 1.45682 1.45682 1 1 0
4.43914 1.45372 1.45372 1 1 0
4.42964 1.45061 1.45061 1 1 0
4.42013 1.44751 1.44751 1 1 0
4.41062 1.4444 1.4444 1 1 0
4.40112 1.4413 1.4413 1 1 0
4.39161 1.4382 1.4382 1 1 0
4.38211 1.43509 1.43509 1 1 0
4.3726 1.43199 1.43199 1 1 0
4.36309 1.42888 1.42888 1 1 0
4.35359 1.42578 1.42578 1 1 0
4.34408 1.42268 1.42268 1 1 0
4.33458 1.41957 1.41957 1 1 0
4.32507 1.41647 1.41647 1 1 0
4.31556 1.41336 1.41336 1 1 0
4.30606 1.41026 1.41026 1 1 0
4.29655 1.40716 1.40716 1 1 0
4.28705 1.40405 1.40405 1 1 0
4.27754 1.40095 1.40095 1 1 0
4.26803 1.39784 1.39784 1 1 0
4.25853 1.39474 1.39474 1 1 0
4.24902 1.39164 1.39164 1 1 0
4.23952 1.38853 1.38853 1 1 0
4.23001 1.38543 1.38543 1 1 0
4.2205 1.38232 1.38232 1 1 0
4.211 1.37922 1.37922 1 1 0
4.20149 1.37612 1.37612 1 1 0
4.19199 1.37301 1.37301 1 1 0
4.18248 1.36991 1.36991 1 1 0
4.17297 1.3668 1.3668 1 1 0
4.16347 1.3637 1.3637 1 1 0
4.15396 1.3606 1.3606 1 1 0
4.14445 1.35749 1.35749 1 1 0
4.13495 1.35439 1.35439 1 1 0
4.12544 1.35128 1.35128 1 1 0
4.11594 1.34818 1.34818 1 1 0
4.10643 1.34507 1.34507 1 1 0
4.09692 1.34197 1.34197 1 1 0
4.08742 1.33887 1.33887 1 1 0
4.07791 1.33576 1.33576 1 1 0
4.06841 1.33266 1.33266 1 1 0
4.0589 1.32955 1.32955 1 1 0
4.04939 1.32645 1.32645 1 1 0
4.03989 1.32335 1.32335 1 1 0
4.03038 1.32024 1.32024 1 1 0
4.02088 1.31714 1.31714 1 1 0
4.01137 1.31403 1.31403 1 1 0
4.00186 1.31093 1.31093 1 1 0
3.99236 1.30783 1.30783 1 1 0
3.98285 1.30472 1.30472 1 1 0
3.97335 1.30162 1.30162 1 1 0
3.96384 1.29851 1.29851 1 1 0
3.95433 1.29541 1.29541 1 1 0
3.94483 1.29231 1.29231 1 1 0
3.93532 1.2892 1.2892 1 1 0
3.92582 1.2861 1.2861 1 1 0
3.91631 1.28299 1.28299 1 1 0
3.9068 1.27989 1.27989 1 1 0
3.8973 1.27679 1.27679 1 1 0
3.88779 1.27368 1.27368 1 1 0
3.87829 1.27058 1.27058 1 1 0
3.86878 1.26747 1.26747 1 1 0
3.85927 1.26437 1.26437 1 1 0
3.84977 1.26127 1.26127 1 1 0
3.84026 1.25816 1.25816 1 1 0
3.83076 1.25506 1.25506 1 1 0
3.82125 1.25195 1.25195 1 1 0
3.81174 1.24885 1.24885 1 1 0
3.80224 1.24575 1.24575 1 1 0
3.79273 1.24264 1.24264 1 1 0
3.78322 1.23954 1.23954 1 1 0
3.77372 1.23643 1.23643 1 1 0
3.76421 1.23333 1.23333 1 1 0
3.75471 1.23023 1.23023 1 1 0
3.7452 1.22712 1.22712 1 1 0
3.73569 1.22402 1.22402 1 1 0
3.72619 1.22091 1.22091 1 1 0
3.71668 1.21781 1.21781 1 1 0
3.70718 1.21471 1.21471 1 1 0
3.69767 1.2116 1.2116 1 1 0
3.68816 1.2085 1.2085 1 1 0
3.67866 1.20539 1.20539 1 1 0
3.66915 1.20229 1.20229 1 1 0
3.65965 1.19919 1.19919 1 1 0
3.65014 1.19608 1.19608 1 1 0
3.64063 1.19298 1.19298 1 1 0
3.63113 1.18987 1.18987 1 1 0
3.62162 1.18677 1.18677 1 1 0
3.61212 1.18367 1.18367 1 1 0
3.60261 1.18056 1.18056 1 1 0
3.5931 1.17746 1.17746 1 1 0
3.5836 1.17435 1.17435 1 1 0
3.57409 1.17125 1.17125 1 1 0
3.56459 1.16815 1.16815 1 1 0
3.55508 1.16504 1.16504 1 1 0
3.54557 1.16194 1.16194 1 1 0
3.53607 1.15883 1.15883 1 1 0
3.52656 1.15573 1.15573 1 1 0
3.51706 1.15263 1.15263 1 1 0
3.50755 1.14952 1.14952 1 1 0
3.49804 1.14642 1.14642 1 1 0
3.48854 1.14331 1.14331 1 1 0
3.47903 1.14021 1.14021 1 1 0
3.46952 1.13711 1.13711 1 1 0
3.46002 1.134 1.134 1 1 0
3.45051 1.1309 1.1309 1 1 0
3.44101 1.12779 1.12779 1 1 0
3.4315 1.12469 1.12469 1 1 0
3.42199 1.12159 1.12159 1 1 0
3.41249 1.11848 1.11848 1 1 0
3.40298 1.11538 1.11538 1 1 0
3.39348 1.11227 1.11227 1 1 0
3.38397 1.10917 1.10917 1 1 0
3.37446 1.10607 1.10607 1 1 0
3.36496 1.10296 1.10296 1 1 0
3.35545 1.09986 1.09986 1 1 0
3.34595 1.09675 1.09675 1 1 0
3.33644 1.09365 1.09365 1 1 0
3.32693 1.09055 1.09055 1 1 0
3.31743 1.08744 1.08744 1 1 0
3.30792 1.08434 1.08434 1 1 0
3.29842 1.08123 1.08123 1 1 0
3.28891 1.07813 1.07813 1 1 0
3.2794 1.07503 1.07503 1 1 0
3.2699 1.07192 1.07192 1 1 0
3.26039 1.06882 1.06882 1 1 0
3.25089 1.06571 1.06571 1 1 0
3.24138 1.06261 1.06261 1 1 0
3.23187 1.05951 1.05951 1 1 0
3.22237 1.0564 1.0564 1 1 0
3.21286 1.0533 1.0533 1 1 0
3.20336 1.05019 1.05019 1 1 0
3.19385 1.04709 1.04709 1 1 0
3.18434 1.04399 1.04399 1 1 0
3.17484 1.04088 1.04088 1 1 0
3.16533 1.03778 1.03778 1 1 0
3.15582 1.03467 1.03467 1 1 0
3.14632 1.03157 1.03157 1 1 0
3.13681 1.02847 1.02847 1 1 0
3.12731 1.02536 1.02536 1 1 0
3.1178 1.02226 1.02226 1 1 0
3.10829 1.01915 1.01915 1 1 0
3.09879 1.01605 1.01605 1 1 0
3.08928 1.01295 1.01295 1 1 0
3.07978 1.00984 1.00984 1 1 0
3.07027 1.00674 1.00674 1 1 0
3.06076 1.00364 1.00364 1 1 0
3.05126 1.00053 1.00053 1 1 0
3.04175 0.997427 0.997427 1 1 0
3.03225 0.994323 0.994323 1 1 0
3.02274 0.991219 0.991219 1 1 0
3.01323 0.988115 0.988115 1 1 0
3.00373 0.985012 0.985012 1 1 0
2.99422 0.981908 0.981908 1 1 0
2.98472 0.978804 0.978804 1 1 0
2.97521 0.9757 0.9757 1 1 0
2.9657 0.972596 0.972596 1 1 0
2.9562 0.969492 0.969492 1 1 0
2.94669 0.966388 0.966388 1 1 0
2.93719 0.963284 0.963284 1 1 0
2.92768 0.96018 0.96018 1 1 0
2.91817 0.957076 0.957076 1 1 0
2.90867 0.953972 0.953972 1 1 0
2.89916 0.950868 0.950868 1 1 0
2.88966 0.947764 0.947764 1 1 0
2.88015 0.94466 0.94466 1 1 0
2.87064 0.941557 0.941557 1 1 0
2.86114 0.938453 0.938453 1 1 0
2.85163 0.935349 0.935349 1 1 0
2.84213 0.932245 0.932245 1 1 0
2.83262 0.929141 0.929141 1 1 0
2.82311 0.926037 0.926037 1 1 0
2.81361 0.922933 0.922933 1 1 0
2.8041 0.919829 0.919829 1 1 0
2.79459 0.916726 0.916726 1 1 0
2.78509 0.913622 0.913622 1 1 0
2.77558 0.910518 0.910518 1 1 0
2.76608 0.907414 0.907414 1 1 0
2.75657 0.90431 0.90431 1 1 0
2.74706 0.901206 0.901206 1 1 0
2.73756 0.898102 0.898102 1 1 0
2.72805 0.894999 0.894999 1 1 0
2.71855 0.891895 0.891895 1 1 0
2.70904 0.888791 0.888791 1 1 0
2.69953 0.885687 0.885687 1 1 0
2.69003 0.882583 0.882583 1 1 0
2.68052 0.87948 0.87948 1 1 0
2.67102 0.876376 0.876376 1 1 0
2.66151 0.873272 0.873272 1 1 0
2.65201 0.870168 0.870168 1 1 0
2.6425 0.867065 0.867065 1 1 0
2.63299 0.863961 0.863961 1 1 0
2.62349 0.860857 0.860857 1 1 0
2.61398 0.857754 0.857754 1 1 0
2.60448 0.85465 0.85465 1 1 0
2.59497 0.851546 0.851546 1 1 0
2.58546 0.848443 0.848443 1 1 0
2.57596 0.845339 0.845339 1 1 0
2.56645 0.842235 0.842235 1 1 0
2.55695 0.839132 0.839132 1 1 0
2.54744 0.836028 0.836028 1 1 0
2.53794 0.832924 0.832924 1 1 0
2.52843 0.829821 0.829821 1 1 0
2.51892 0.826717 0.826717 1 1 0
2.50942 0.823614 0.823614 1 1 0
2.49991 0.82051 0.82051 1 1 0
2.49041 0.817407 0.817407 1 1 0
2.4809 0.814304 0.814304 1 1 0
2.4714 0.8112 0.8112 1 1 0
2.46189 0.808097 0.808097 1 1 0
2.45238 0.804993 0.804993 1 1 0
2.44288 0.80189 0.80189 1 1 0
2.43337 0.798787 0.798787 1 1 0
2.42387 0.795684 0.795684 1 1 0
2.41436 0.79258 0.79258 1 1 0
2.40486 0.789477 0.789477 1 1 0
2.39535 0.786374 0.786374 1 1 0
2.38585 0.783271 0.783271 1 1 0
2.37634 0.780168 0.780168 1 1 0
2.36684 0.777065 0.777065 1 1 0
2.35733 0.773962 0.773962 1 1 0
2.34783 0.770859 0.770859 1 1 0
2.33832 0.767757 0.767757 1 1 0
2.32882 0.764654 0.764654 1 1 0
2.31932 0.761551 0.761551 1 1 0
2.30981 0.758449 0.758449 1 1 0
2.30031 0.755346 0.755346 1 1 0
2.2908 0.752244 0.752244 1 1 0
2.2813 0.749142 0.749142 1 1 0
2.2718 0.746039 0.746039 1 1 0
2.26229 0.742937 0.742937 1 1 0
2.25279 0.739835 0.739835 1 1 0
2.24329 0.736734 0.736734 1 1 0
2.23379 0.733632 0.733632 1 1 0
2.22428 0.73053 0.73053 1 1 0
2.21478 0.727429 0.727429 1 1 0
2.20528 0.724328 0.724328 1 1 0
2.19578 0.721227 0.721227 1 1 0
2.18628 0.718126 0.718126 1 1 0
2.17678 0.715025 0.715025 1 1 0
2.16728 0.711925 0.711925 1 1 0
2.15778 0.708824 0.708824 1 1 0
2.14828 0.705724 0.705724 1 1 0
2.13878 0.702625 0.702625 1 1 0
2.12928 0.699525 0.699525 1 1 0
2.11979 0.696426 0.696426 1 1 0
2.11029 0.693327 0.693327 1 1 0
2.1008 0.690229 0.690229 1 1 0
2.0913 0.687131 0.687131 1 1 0
2.08181 0.684033 0.684033 1 1 0
2.07232 0.680936 0.680936 1 1 0
2.06283 0.67784 0.67784 1 1 0
2.05334 0.674743 0.674743 1 1 0
2.04385 0.671648 0.671648 1 1 0
2.03436 0.668553 0.668553 1 1 0
2.02487 0.665459 0.665459 1 1 0
2.01539 0.662365 0.662365 1 1 0
2.00591 0.659272 0.659272 1 1 0
1.99643 0.65618 0.65618 1 1 0
1.98695 0.653089 0.653089 1 1 0
1.97748 0.649999 0.649999 1 1 0
1.968 0.64691 0.64691 1 1 0
1.95853 0.643823 0.643823 1 1 0
1.94907 0.640736 0.640736 1 1 0
1.9396 0.637651 0.637651 1 1 0
1.93015 0.634567 0.634567 1 1 0
1.92069 0.631485 0.631485 1 1 0
1.91124 0.628404 0.628404 1 1 0
1.90179 0.625326 0.625326 1 1 0
1.89235 0.622249 0.622249 1 1 0
1.88292 0.619175 0.619175 1 1 0
1.87349 0.616103 0.616103 1 1 0
1.86406 0.613033 0.613033 1 1 0
1.85465 0.609967 0.609967 1 1 0
1.84524 0.606903 0.606903 1 1 0
1.83584 0.603842 0.603842 1 1 0
1.82645 0.600785 0.600785 1 1 0
1.81707 0.597732 0.597732 1 1 0
1.8077 0.594683 0.594683 1 1 0
1.79834 0.591639 0.591639 1 1 0
1.78899 0.588599 0.588599 1 1 0
1.77966 0.585564 0.585564 1 1 0
1.77034 0.582536 0.582536 1 1 0
1.76103 0.579513 0.579513 1 1 0
1.75175 0.576496 0.576496 1 1 0
1.74248 0.573487 0.573487 1 1 0
1.73323 0.570486 0.570486 1 1 0
1.724 0.567492 0.567492 1 1 0
1.7148 0.564508 0.564508 1 1 0
1.70562 0.561533 0.561533 1 1 0
1.69646 0.558568 0.558568 1 1 0
1.68733 0.555615 0.555615 1 1 0
1.67823 0.552673 0.552673 1 1 0
1.66917 0.549743 0.549743 1 1 0
1.66013 0.546828 0.546828 1 1 0
1.65114 0.543927 0.543927 1 1 0
1.64218 0.541041 0.541041 1 1 0
1.63326 0.538172 0.538172 1 1 0
1.62438 0.53532 0.53532 1 1 0
1.61554 0.532488 0.532488 1 1 0
1.60676 0.529676 0.529676 1 1 0
1.59802 0.526885 0.526885 1 1 0
1.58933 0.524117 0.524117 1 1 0
1.5807 0.521374 0.521374 1 1 0
1.57213 0.518657 0.518657 1 1 0
1.56361 0.515967 0.515967 1 1 0
1.55516 0.513307 0.513307 1 1 0
1.54677 0.510679 0.510679 1 1 0
1.53844 0.508085 0.508085 1 1 0
1.53019 0.505526 0.505526 1 1 0
1.52201 0.503006 0.503006 1 1 0
1.5139 0.500527 0.500527 1 1 0
1.50587 0.498093 0.498093 1 1 0
1.49791 0.495704 0.495704 1 1 0
1.49004 0.493366 0.493366 1 1 0
1.48224 0.49108 0.49108 1 1 0
1.47452 0.48885 0.48885 1 1 0
1.46689 0.486679 0.486679 1 1 0
1.45933 0.48457 0.48457 1 1 0
1.45184 0.482525 0.482525 1 1 0
1.44441 0.480548 0.480548 1 1 0
1.43705 0.478639 0.478639 1 1 0
1.42974 0.476802 0.476802 1 1 0
1.42247 0.475036 0.475036 1 1 0
1.41522 0.473343 0.473343 1 1 0
1.40799 0.471723 0.471723 1 1 0
1.40075 0.470176 0.470176 1 1 0
1.39349 0.468701 0.468701 1 1 0
1.3862 0.467297 0.467297 1 1 0
1.37885 0.465964 0.465964 1 1 0
1.37143 0.464698 0.464698 1 1 0
1.36392 0.4635 0.4635 1 1 0
1.35631 0.462366 0.462366 1 1 0
1.34859 0.461294 0.461294 1 1 0
1.34076 0.460283 0.460283 1 1 0
1.3328 0.45933 0.45933 1 1 0
1.32471 0.458432 0.458432 1 1 0
1.31649 0.457586 0.457586 1 1 0
1.30815 0.456791 0.456791 1 1 0
1.29968 0.456043 0.456043 1 1 0
1.29109 0.45534 0.45534 1 1 0
1.28239 0.454679 0.454679 1 1 0
1.27359 0.454057 0.454057 1 1 0
1.26469 0.453472 0.453472 1 1 0
1.25569 0.45292 0.45292 1 1 0
1.24661 0.452401 0.452401 1 1 0
1.23745 0.45191 0.45191 1 1 0
1.22822 0.451447 0.451447 1 1 0
1.21893 0.45101 0.45101 1 1 0
1.20958 0.450595 0.450595 1 1 0
1.20018 0.450202 0.450202 1 1 0
1.19073 0.44983 0.44983 1 1 0
1.18123 0.449476 0.449476 1 1 0
1.18055 0.449451 0.449451 2 1 0
1.17101 0.449115 0.449115 2 1 0
1.16144 0.448796 0.448796 2 1 0
1.15184 0.448491 0.448491 2 1 0
1.14221 0.4482 0.4482 2 1 0
1.13255 0.447922 0.447922 2 1 0
1.12287 0.447655 0.447655 2 1 0
1.11317 0.4474 0.4474 2 1 0
1.10344 0.447156 0.447156 2 1 0
1.0937 0.446921 0.446921 2 1 0
1.08394 0.446695 0.446695 2 1 0
1.07417 0.446477 0.446477 2 1 0
1.06438 0.446268 0.446268 2 1 0
1.05458 0.446066 0.446066 2 1 0
1.04477 0.445872 0.445872 2 1 0
1.03495 0.445684 0.445684 2 1 0
1.02512 0.445502 0.445502 2 1 0
1.01527 0.445326 0.445326 2 1 0
1.00542 0.445156 0.445156 2 1 0
0.995566 0.444991 0.444991 2 1 0
0.9857 0.444832 0.444832 2 1 0
0.975827 0.444677 0.444677 2 1 0
0.965947 0.444527 0.444527 2 1 0
0.956062 0.444381 0.444381 2 1 0
0.946171 0.444239 0.444239 2 1 0
0.936275 0.444101 0.444101 2 1 0
0.926375 0.443966 0.443966 2 1 0
0.916469 0.443836 0.443836 2 1 0
0.90656 0.443708 0.443708 2 1 0
0.896646 0.443584 0.443584 2 1 0
0.886729 0.443463 0.443463 2 1 0
0.876808 0.443345 0.443345 2 1 0
0.866883 0.44323 0.44323 2 1 0
0.856956 0.443118 0.443118 2 1 0
0.847026 0.443008 0.443008 2 1 0
0.837093 0.442901 0.442901 2 1 0
0.827157 0.442796 0.442796 2 1 0
0.817219 0.442693 0.442693 2 1 0
0.807278 0.442593 0.442593 2 1 0
0.797335 0.442495 0.442495 2 1 0
0.78739 0.442399 0.442399 2 1 0
0.777443 0.442304 0.442304 2 1 0
0.767494 0.442212 0.442212 2 1 0
0.757544 0.442122 0.442122 2 1 0
0.747591 0.442033 0.442033 2 1 0
0.737637 0.441946 0.441946 2 1 0
0.727682 0.441861 0.441861 2 1 0
0.717725 0.441777 0.441777 2 1 0
0.707766 0.441695 0.441695 2 1 0
0.697806 0.441615 0.441615 2 1 0
0.687845 0.441535 0.441535 2 1 0
0.677883 0.441458 0.441458 2 1 0
0.667919 0.441381 0.441381 2 1 0
0.657955 0.441306 0.441306 2 1 0
0.647989 0.441232 0.441232 2 1 0
0.638022 0.44116 0.44116 2 1 0
0.628055 0.441088 0.441088 2 1 0
0.618086 0.441018 0.441018 2 1 0
0.608116 0.440949 0.440949 2 1 0
0.598146 0.440881 0.440881 2 1 0
0.588175 0.440814 0.440814 2 1 0
0.578203 0.440748 0.440748 2 1 0
0.56823 0.440683 0.440683 2 1 0
0.558256 0.44062 0.44062 2 1 0
0.548282 0.440557 0.440557 2 1 0
0.538307 0.440495 0.440495 2 1 0
0.528331 0.440434 0.440434 2 1 0
0.518355 0.440373 0.440373 2 1 0
0.508378 0.440314 0.440314 2 1 0
0.4984 0.440255 0.440255 2 1 0
0.488422 0.440198 0.440198 2 1 0
0.478444 0.440141 0.440141 2 1 0
0.468465 0.440085 0.440085 2 1 0
0.458485 0.440029 0.440029 2 1 0
0.448505 0.439975 0.439975 2 1 0
0.438524 0.439921 0.439921 2 1 0
0.428543 0.439867 0.439867 2 1 0
0.418562 0.439815 0.439815 2 1 0
0.40858 0.439763 0.439763 2 1 0
0.398597 0.439712 0.439712 2 1 0
0.388615 0.439661 0.439661 2 1 0
0.378632 0.439611 0.439611 2 1 0
0.368648 0.439562 0.439562 2 1 0
0.358664 0.439513 0.439513 2 1 0
0.34868 0.439465 0.439465 2 1 0
0.338695 0.439417 0.439417 2 1 0
0.32871 0.43937 0.43937 2 1 0
0.318725 0.439324 0.439324 2 1 0
0.30874 0.439278 0.439278 2 1 0
0.298754 0.439233 0.439233 2 1 0
0.288768 0.439188 0.439188 2 1 0
0.278781 0.439143 0.439143 2 1 0
0.268795 0.439099 0.439099 2 1 0
0.258808 0.439056 0.439056 2 1 0
0.24882 0.439013 0.439013 2 1 0
0.238833 0.438971 0.438971 2 1 0
0.228845 0.438928 0.438928 2 1 0
0.218857 0.438887 0.438887 2 1 0
0.208869 0.438846 0.438846 2 1 0
0.198881 0.438805 0.438805 2 1 0
0.188892 0.438765 0.438765 2 1 0
0.178903 0.438725 0.438725 2 1 0
0.168914 0.438685 0.438685 2 1 0
0.158925 0.438646 0.438646 2 1 0
0.148935 0.438608 0.438608 2 1 0
0.138946 0.438569 0.438569 2 1 0
0.128956 0.438531 0.438531 2 1 0
0.118966 0.438494 0.438494 2 1 0
0.108975 0.438457 0.438457 2 1 0
0.0989851 0.43842 0.43842 2 1 0
0.0889945 0.438383 0.438383 2 1 0
0.0790038 0.438347 0.438347 2 1 0
0.0690129 0.438311 0.438311 2 1 0
0.0590219 0.438276 0.438276 2 1 0
0.0490307 0.438241 0.438241 2 1 0
0.0390394 0.438206 0.438206 2 1 0
0.0290479 0.438171 0.438171 2 1 0
0.0190563 0.438137 0.438137 2 1 0
0.0090645 0.438103 0.438103 2 1 0
-0.0009274 0.438069 0.438069 2 1 0
-0.0109194 0.438036 0.438036 2 1 0
-0.0209116 0.438003 0.438003 2 1 0
-0.0309039 0.43797 0.43797 2 1 0
-0.0408963 0.437938 0.437938 2 1 0
-0.0508888 0.437906 0.437906 2 1 0
-0.0608815 0.437874 0.437874 2 1 0
-0.0708742 0.437842 0.437842 2 1 0
-0.0808671 0.437811 0.437811 2 1 0
-0.0908601 0.43778 0.43778 2 1 0
-0.100853 0.437749 0.437749 2 1 0
-0.110846 0.437718 0.437718 2 1 0
-0.12084 0.437688 0.437688 2 1 0
-0.130833 0.437658 0.437658 2 1 0
-0.140827 0.437628 0.437628 2 1 0
-0.15082 0.437598 0.437598 2 1 0
-0.160814 0.437569 0.437569 2 1 0
-0.170808 0.43754 0.43754 2 1 0
-0.180802 0.437511 0.437511 2 1 0
-0.190795 0.437482 0.437482 2 1 0
-0.20079 0.437454 0.437454 2 1 0
-0.210784 0.437425 0.437425 2 1 0
-0.220778 0.437397 0.437397 2 1 0
-0.230772 0.437369 0.437369 2 1 0
-0.240767 0.437342 0.437342 2 1 0
-0.250761 0.437314 0.437314 2 1 0
-0.260756 0.437287 0.437287 2 1 0
-0.27075 0.43726 0.43726 2 1 0
-0.280745 0.437233 0.437233 2 1 0
-0.29074 0.437207 0.437207 2 1 0
-0.300734 0.43718 0.43718 2 1 0
-0.310729 0.437154 0.437154 2 1 0
-0.320724 0.437128 0.437128 2 1 0
-0.330719 0.437102 0.437102 2 1 0
-0.340714 0.437076 0.437076 2 1 0
-0.35071 0.437051 0.437051 2 1 0
-0.360705 0.437025 0.437025 2 1 0
-0.3707 0.437 0.437 2 1 0
-0.380695 0.436975 0.436975 2 1 0
-0.390691 0.436951 0.436951 2 1 0
-0.400686 0.436926 0.436926 2 1 0
-0.410682 0.436901 0.436901 2 1 0
-0.420677 0.436877 0.436877 2 1 0
-0.430673 0.436853 0.436853 2 1 0
-0.440669 0.436829 0.436829 2 1 0
-0.450664 0.436805 0.436805 2 1 0
-0.46066 0.436781 0.436781 2 1 0
-0.470656 0.436758 0.436758 2 1 0
-0.480652 0.436734 0.436734 2 1 0
-0.490648 0.436711 0.436711 2 1 0
-0.500644 0.436688 0.436688 2 1 0
-0.51064 0.436665 0.436665 2 1 0
-0.520636 0.436642 0.436642 2 1 0
-0.530632 0.43662 0.43662 2 1 0
-0.540628 0.436597 0.436597 2 1 0
-0.550625 0.436575 0.436575 2 1 0
-0.560621 0.436553 0.436553 2 1 0
-0.570617 0.436531 0.436531 2 1 0
-0.580614 0.436509 0.436509 2 1 0
-0.59061 0.436487 0.436487 2 1 0
-0.600606 0.436465 0.436465 2 1 0
-0.610603 0.436444 0.436444 2 1 0
-0.620599 0.436422 0.436422 2 1 0
-0.630596 0.436401 0.436401 2 1 0
-0.640593 0.43638 0.43638 2 1 0
-0.650589 0.436359 0.436359 2 1 0
-0.660586 0.436338 0.436338 2 1 0
-0.670583 0.436317 0.436317 2 1 0
-0.680579 0.436297 0.436297 2 1 0
-0.690576 0.436276 0.436276 2 1 0
-0.700573 0.436256 0.436256 2 1 0
-0.71057 0.436235 0.436235 2 1 0
-0.720567 0.436215 0.436215 2 1 0
-0.730564 0.436195 0.436195 2 1 0
-0.740561 0.436175 0.436175 2 1 0
-0.750558 0.436155 0.436155 2 1 0
-0.760555 0.436135 0.436135 2 1 0
-0.770552 0.436116 0.436116 2 1 0
-0.780549 0.436096 0.436096 2 1 0
-0.790546 0.436077 0.436077 2 1 0
-0.800543 0.436058 0.436058 2 1 0
-0.81054 0.436038 0.436038 2 1 0
-0.820537 0.436019 0.436019 2 1 0
-0.830535 0.436 0.436 2 1 0
-0.840532 0.435981 0.435981 2 1 0
-0.850529 0.435963 0.435963 2 1 0
-0.860527 0.435944 0.435944 2 1 0
-0.870524 0.435925 0.435925 2 1 0
-0.880521 0.435907 0.435907 2 1 0
-0.890519 0.435889 0.435889 2 1 0
-0.900516 0.43587 0.43587 2 1 0
-0.910514 0.435852 0.435852 2 1 0
-0.920511 0.435834 0.435834 2 1 0
-0.930508 0.435816 0.435816 2 1 0
-0.940506 0.435798 0.435798 2 1 0
-0.950504 0.43578 0.43578 2 1 0
-0.960501 0.435762 0.435762 2 1 0
-0.970499 0.435745 0.435745 2 1 0
-0.980496 0.435727 0.435727 2 1 0
-0.990494 0.43571 0.43571 2 1 0
-1.00049 0.435692 0.435692 2 1 0
-1.01049 0.435675 0.435675 2 1 0
-1.02049 0.435658 0.435658 2 1 0
-1.03048 0.435641 0.435641 2 1 0
-1.04048 0.435624 0.435624 2 1 0
-1.05048 0.435607 0.435607 2 1 0
-1.06048 0.43559 0.43559 2 1 0
-1.07048 0.435573 0.435573 2 1 0
-1.08047 0.435557 0.435557 2 1 0
-1.09047 0.43554 0.43554 2 1 0
-1.10047 0.435523 0.435523 2 1 0
-1.11047 0.435507 0.435507 2 1 0
-1.12047 0.435491 0.435491 2 1 0
-1.13046 0.435474 0.435474 2 1 0
-1.14046 0.435458 0.435458 2 1 0
-1.15046 0.435442 0.435442 2 1 0
-1.16046 0.435426 0.435426 2 1 0
-1.17046 0.43541 0.43541 2 1 0
-1.18045 0.435394 0.435394 2 1 0
-1.19045 0.435378 0.435378 2 1 0
-1.20045 0.435362 0.435362 2 1 0
-1.21045 0.435347 0.435347 2 1 0
-1.22045 0.435331 0.435331 2 1 0
-1.23044 0.435315 0.435315 2 1 0
-1.24044 0.4353 0.4353 2 1 0
-1.25044 0.435284 0.435284 2 1 0
-1.26044 0.435269 0.435269 2 1 0
-1.27044 0.435254 0.435254 2 1 0
-1.28043 0.435239 0.435239 2 1 0
-1.29043 0.435223 0.435223 2 1 0
-1.30043 0.435208 0.435208 2 1 0
-1.31043 0.435193 0.435193 2 1 0
-1.32043 0.435178 0.435178 2 1 0
-1.33043 0.435164 0.435164 2 1 0
-1.34042 0.435149 0.435149 2 1 0
-1.35042 0.435134 0.435134 2 1 0
-1.36042 0.435119 0.435119 2 1 0
-1.37042 0.435105 0.435105 2 1 0
-1.38042 0.43509 0.43509 2 1 0
-1.39042 0.435076 0.435076 2 1 0
-1.40041 0.435061 0.435061 2 1 0
-1.41041 0.435047 0.435047 2 1 0
-1.42041 0.435032 0.435032 2 1 0
-1.43041 0.435018 0.435018 2 1 0
-1.44041 0.435004 0.435004 2 1 0
-1.45041 0.43499 0.43499 2 1 0
-1.4604 0.434976 0.434976 2 1 0
-1.4704 0.434962 0.434962 2 1 0
-1.4804 0.434948 0.434948 2 1 0
-1.4904 0.434934 0.434934 2 1 0
-1.5004 0.43492 0.43492 2 1 0
-1.5104 0.434906 0.434906 2 1 0
-1.52039 0.434893 0.434893 2 1 0
-1.53039 0.434879 0.434879 2 1 0
-1.54039 0.434865 0.434865 2 1 0
-1.55039 0.434852 0.434852 2 1 0
-1.56039 0.434838 0.434838 2 1 0
-1.57039 0.434825 0.434825 2 1 0
-1.58039 0.434811 0.434811 2 1 0
-1.59038 0.434798 0.434798 2 1 0
-1.60038 0.434785 0.434785 2 1 0
-1.61038 0.434772 0.434772 2 1 0
-1.62038 0.434758 0.434758 2 1 0
-1.63038 0.434745 0.434745 2 1 0
-1.64038 0.434732 0.434732 2 1 0
-1.65038 0.434719 0.434719 2 1 0
-1.66038 0.434706 0.434706 2 1 0
-1.67037 0.434693 0.434693 2 1 0
-1.68037 0.43468 0.43468 2 1 0
-1.69037 0.434668 0.434668 2 1 0
-1.70037 0.434655 0.434655 2 1 0
-1.71037 0.434642 0.434642 2 1 0
-1.72037 0.434629 0.434629 2 1 0
-1.73037 0.434617 0.434617 2 1 0
-1.74036 0.434604 0.434604 2 1 0
-1.75036 0.434592 0.434592 2 1 0
-1.76036 0.434579 0.434579 2 1 0
-1.77036 0.434567 0.434567 2 1 0
-1.78036 0.434554 0.434554 2 1 0
-1.79036 0.434542 0.434542 2 1 0
-1.80036 0.43453 0.43453 2 1 0
-1.81036 0.434517 0.434517 2 1 0
-1.82036 0.434505 0.434505 2 1 0
-1.83035 0.434493 0.434493 2 1 0
-1.84035 0.434481 0.434481 2 1 0
-1.85035 0.434469 0.434469 2 1 0
-1.86035 0.434457 0.434457 2 1 0
-1.87035 0.434445 0.434445 2 1 0
-1.88035 0.434433 0.434433 2 1 0
-1.89035 0.434421 0.434421 2 1 0
-1.90035 0.434409 0.434409 2 1 0
-1.91034 0.434397 0.434397 2 1 0
-1.92034 0.434385 0.434385 2 1 0
-1.93034 0.434374 0.434374 2 1 0
-1.94034 0.434362 0.434362 2 1 0
-1.95034 0.43435 0.43435 2 1 0
-1.96034 0.434339 0.434339 2 1 0
-1.97034 0.434327 0.434327 2 1 0
-1.98034 0.434316 0.434316 2 1 0
-1.99034 0.434304 0.434304 2 1 0
-2.00034 0.434293 0.434293 2 1 0
1.18055 0.449451 0.449451 4 2 0
1.18041 0.451973 0.446977 3 2 0
1.18036 0.452347 0.446618 3 2 0
1.1791 0.457527 0.441842 3 2 0
1.17669 0.46284 0.437285 3 2 0
1.17326 0.468197 0.43298 3 2 0
1.16892 0.473545 0.428922 3 2 0
1.1638 0.47884 0.425085 3 2 0
1.15803 0.484049 0.421446 3 2 0
1.15169 0.489148 0.417977 3 2 0
1.14489 0.494112 0.414656 3 2 0
1.13769 0.498922 0.41146 3 2 0
1.13016 0.503563 0.408365 3 2 0
1.12235 0.508033 0.405358 3 2 0
1.11431 0.512327 0.402428 3 2 0
1.10608 0.516432 0.39957 3 2 0
1.09768 0.52036 0.396764 3 2 0
1.08914 0.524099 0.394007 3 2 0
1.08048 0.527661 0.39129 3 2 0
1.07172 0.531061 0.388614 3 2 0
1.06288 0.534289 0.385971 3 2 0
1.05397 0.53735 0.383356 3 2 0
1.04499 0.540274 0.380767 3 2 0
1.03596 0.54304 0.378201 3 2 0
1.02689 0.545677 0.375655 3 2 0
1.01777 0.54818 0.373126 3 2 0
1.00861 0.550547 0.370614 3 2 0
0.99942 0.552828 0.368119 3 2 0
0.990201 0.554971 0.365631 3 2 0
0.980954 0.557034 0.363155 3 2 0
0.971683 0.558985 0.36069 3 2 0
0.96239 0.560862 0.358234 3 2 0
0.953076 0.562649 0.355789 3 2 0
0.943742 0.564343 0.353347 3 2 0
0.934391 0.565964 0.350913 3 2 0
0.925023 0.567537 0.348487 3 2 0
0.915639 0.569026 0.346068 3 2 0
0.90624 0.570457 0.343645 3 2 0
0.896827 0.571812 0.341228 3 2 0
0.887401 0.573121 0.338829 3 2 0
0.877963 0.574402 0.336415 3 2 0
0.868512 0.575617 0.334006 3 2 0
0.85905 0.576774 0.331617 3 2 0
0.849577 0.577907 0.329209 3 2 0
0.840093 0.578984 0.326806 3 2 0
0.8306 0.580025 0.324409 3 2 0
0.821097 0.58101 0.322015 3 2 0
0.811584 0.581999 0.319628 3 2 0
0.802063 0.582931 0.317241 3 2 0
0.792533 0.583846 0.314847 3 2 0
0.782994 0.584718 0.312448 3 2 0
0.773448 0.585568 0.31006 3 2 0
0.763894 0.586382 0.307679 3 2 0
0.754333 0.587159 0.305287 3 2 0
0.744764 0.587937 0.302889 3 2 0
0.735189 0.588675 0.300508 3 2 0
0.725607 0.589414 0.298132 3 2 0
0.716019 0.590115 0.295732 3 2 0
0.706424 0.590801 0.293349 3 2 0
0.696823 0.591457 0.290948 3 2 0
0.687217 0.592088 0.288549 3 2 0
0.677605 0.592713 0.286162 3 2 0
0.667988 0.593337 0.283781 3 2 0
0.658365 0.593911 0.281385 3 2 0
0.648737 0.594505 0.279006 3 2 0
0.639105 0.595074 0.276606 3 2 0
0.629467 0.59562 0.274217 3 2 0
0.619825 0.596157 0.271814 3 2 0
0.610179 0.596672 0.269414 3 2 0
0.600528 0.597182 0.267024 3 2 0
0.590873 0.597684 0.264638 3 2 0
0.581214 0.598165 0.262253 3 2 0
0.571551 0.598601 0.259847 3 2 0
0.561884 0.599076 0.25744 3 2 0
0.552213 0.599547 0.255037 3 2 0
0.542539 0.600001 0.252638 3 2 0
0.532862 0.600429 0.250243 3 2 0
0.52318 0.600839 0.247852 3 2 0
0.513496 0.601266 0.245447 3 2 0
0.503809 0.601659 0.243058 3 2 0
0.494118 0.602036 0.240656 3 2 0
0.484425 0.602438 0.238251 3 2 0
0.474728 0.602796 0.235852 3 2 0
0.465029 0.603191 0.233433 3 2 0
0.455326 0.60357 0.231027 3 2 0
0.445622 0.603911 0.228635 3 2 0
0.435914 0.604272 0.226227 3 2 0
0.426204 0.604623 0.223828 3 2 0
0.416491 0.60495 0.221403 3 2 0
0.406777 0.605302 0.218982 3 2 0
0.397059 0.605636 0.216589 3 2 0
0.38734 0.605967 0.21419 3 2 0
0.377618 0.606287 0.211762 3 2 0
0.367894 0.606573 0.209337 3 2 0
0.358167 0.606869 0.206917 3 2 0
0.348439 0.607186 0.204502 3 2 0
0.338709 0.607495 0.202109 3 2 0
0.328976 0.607777 0.199681 3 2 0
0.319242 0.608048 0.197258 3 2 0
0.309506 0.608328 0.194838 3 2 0
0.299768 0.608618 0.192422 3 2 0
0.290028 0.608897 0.19001 3 2 0
0.280286 0.60915 0.187587 3 2 0
0.270543 0.609397 0.185176 3 2 0
0.260798 0.609666 0.182769 3 2 0
0.251051 0.60993 0.180348 3 2 0
0.241302 0.61019 0.177913 3 2 0
0.231552 0.610441 0.175483 3 2 0
0.221801 0.610684 0.173069 3 2 0
0.212047 0.610924 0.170638 3 2 0
0.202293 0.611156 0.168211 3 2 0
0.192536 0.611382 0.165803 3 2 0
0.182779 0.611599 0.163368 3 2 0
0.17302 0.611814 0.160938 3 2 0
0.163259 0.61206 0.158531 3 2 0
0.153497 0.612286 0.156094 3 2 0
0.143734 0.612504 0.153661 3 2 0
0.133969 0.612706 0.151232 3 2 0
0.124203 0.612904 0.14881 3 2 0
0.114436 0.613102 0.146392 3 2 0
0.104668 0.613315 0.143998 3 2 0
0.0948979 0.613508 0.141563 3 2 0
0.085127 0.61372 0.139116 3 2 0
0.0753548 0.613902 0.13668 3 2 0
0.0655814 0.614108 0.134266 3 2 0
0.0558068 0.614308 0.131857 3 2 0
0.0460311 0.614478 0.129403 3 2 0
0.0362542 0.614658 0.126957 3 2 0
0.0264762 0.614854 0.124516 3 2 0
0.016697 0.615028 0.122081 3 2 0
0.00691681 0.615196 0.119647 3 2 0
-0.0028645 0.615385 0.117216 3 2 0
-0.0126469 0.615548 0.114783 3 2 0
-0.0224303 0.615721 0.112352 3 2 0
-0.0322148 0.615901 0.109925 3 2 0
-0.0420003 0.616064 0.107486 3 2 0
-0.0517868 0.616237 0.105058 3 2 0
-0.0615743 0.616405 0.102635 3 2 0
-0.0713628 0.61655 0.100197 3 2 0
-0.0811522 0.616716 0.0977769 3 2 0
-0.0909427 0.616877 0.0953609 3 2 0
-0.100734 0.617031 0.0928986 3 2 0
-0.110526 0.617176 0.0904783 3 2 0
-0.12032 0.617317 0.0880626 3 2 0
-0.130114 0.617471 0.0855887 3 2 0
-0.139909 0.617623 0.0831638 3 2 0
-0.149705 0.61777 0.0807434 3 2 0
-0.159502 0.617881 0.0782962 3 2 0
-0.169299 0.618033 0.0758526 3 2 0
-0.179098 0.618181 0.0734133 3 2 0
-0.188897 0.61832 0.0710477 3 2 0
-0.198698 0.618446 0.0686101 3 2 0
-0.208499 0.618568 0.0661539 3 2 0
-0.218301 0.618704 0.0637267 3 2 0
-0.228104 0.618823 0.0612733 3 2 0
-0.237907 0.618963 0.0588242 3 2 0
-0.247712 0.619089 0.0563722 3 2 0
-0.257517 0.619202 0.0539378 3 2 0
-0.267323 0.619335 0.0515079 3 2 0
-0.27713 0.619479 0.0490749 3 2 0
-0.286937 0.619597 0.0466502 3 2 0
-0.296745 0.619711 0.0442299 3 2 0
-0.306554 0.619825 0.0417708 3 2 0
-0.316364 0.619932 0.0393452 3 2 0
-0.326175 0.620034 0.0369239 3 2 0
-0.335986 0.620167 0.0344841 3 2 0
-0.345798 0.62027 0.0320655 3 2 0
-0.355611 0.620369 0.0296513 3 2 0
-0.365424 0.620489 0.0271978 3 2 0
-0.375238 0.620604 0.0247837 3 2 0
-0.385053 0.620715 0.0223731 3 2 0
-0.394868 0.620799 0.0199146 3 2 0
-0.404685 0.620912 0.0175044 3 2 0
-0.414501 0.62102 0.0150543 3 2 0
-0.424319 0.621108 0.01262 3 2 0
-0.434137 0.621196 0.0101691 3 2 0
-0.443956 0.621296 0.00772247 3 2 0
-0.453775 0.621413 0.00528921 3 2 0
-0.463595 0.621513 0.00287185 3 2 0
-0.473416 0.621609 0.000458837 3 2 0
-0.483238 0.621699 -0.00197915 3 2 0
-0.49306 0.621793 -0.00438905 3 2 0
-0.502882 0.621884 -0.00682359 3 2 0
-0.512705 0.621971 -0.0093095 3 2 0
-0.522529 0.622061 -0.0117306 3 2 0
-0.532354 0.622149 -0.0141474 3 2 0
-0.542179 0.62223 -0.0165747 3 2 0
-0.552004 0.622308 -0.0189864 3 2 0
-0.561831 0.622384 -0.0213938 3 2 0
-0.571657 0.622453 -0.0238574 3 2 0
-0.581485 0.622546 -0.026267 3 2 0
-0.591313 0.622636 -0.0286764 3 2 0
-0.601141 0.622726 -0.0311603 3 2 0
-0.61097 0.622801 -0.0335738 3 2 0
-0.6208 0.622872 -0.0359831 3 2 0
-0.63063 0.622941 -0.0384092 3 2 0
-0.640461 0.623025 -0.0408138 3 2 0
-0.650292 0.623105 -0.0432624 3 2 0
-0.660124 0.623163 -0.0456787 3 2 0
-0.669956 0.623225 -0.048125 3 2 0
-0.679789 0.623303 -0.0505674 3 2 0
-0.689623 0.6234 -0.0529472 3 2 0
-0.699456 0.62347 -0.0553871 3 2 0
-0.709291 0.623537 -0.0578311 3 2 0
-0.719126 0.623593 -0.0602642 3 2 0
-0.728961 0.623667 -0.062671 3 2 0
-0.738797 0.623738 -0.0650736 3 2 0
-0.748634 0.623775 -0.0675531 3 2 0
-0.75847 0.623845 -0.0699638 3 2 0
-0.768308 0.623918 -0.0723704 3 2 0
-0.778146 0.623985 -0.0748243 3 2 0
-0.787984 0.624054 -0.077235 3 2 0
-0.797823 0.624119 -0.0796417 3 2 0
-0.807662 0.62418 -0.0820849 3 2 0
-0.817502 0.624242 -0.0845153 3 2 0
-0.827342 0.624302 -0.0869418 3 2 0
-0.837183 0.624353 -0.0893175 3 2 0
-0.847024 0.624415 -0.0917537 3 2 0
-0.856866 0.624474 -0.094186 3 2 0
-0.866708 0.624528 -0.0965807 3 2 0
-0.87655 0.624585 -0.0990147 3 2 0
-0.886393 0.624639 -0.101445 3 2 0
-0.896236 0.624693 -0.10383 3 2 0
-0.90608 0.624743 -0.106264 3 2 0
-0.915925 0.62479 -0.108694 3 2 0
-0.925769 0.624821 -0.11107 3 2 0
-0.935614 0.624871 -0.113505 3 2 0
-0.94546 0.624931 -0.115936 3 2 0
-0.955306 0.625 -0.118339 3 2 0
-0.965152 0.62505 -0.120737 3 2 0
-0.974999 0.625098 -0.12313 3 2 0
-0.984846 0.62514 -0.125621 3 2 0
-0.994694 0.625191 -0.128034 3 2 0
-1.00454 0.625239 -0.130444 3 2 0
-1.01439 0.625273 -0.13286 3 2 0
-1.02424 0.625324 -0.135274 3 2 0
-1.03409 0.625372 -0.137683 3 2 0
-1.04394 0.625385 -0.140035 3 2 0
-1.05379 0.625432 -0.142464 3 2 0
-1.06364 0.625484 -0.14489 3 2 0
-1.07349 0.625544 -0.147316 3 2 0
-1.08334 0.625587 -0.149715 3 2 0
-1.09319 0.625627 -0.15211 3 2 0
-1.10304 0.625665 -0.154558 3 2 0
-1.1129 0.625707 -0.156965 3 2 0
-1.12275 0.625747 -0.159369 3 2 0
-1.1326 0.625771 -0.161712 3 2 0
-1.14245 0.625815 -0.164139 3 2 0
-1.15231 0.625857 -0.166562 3 2 0
-1.16216 0.625891 -0.169002 3 2 0
-1.17202 0.625931 -0.171405 3 2 0
-1.18187 0.625969 -0.173805 3 2 0
-1.19173 0.625974 -0.176164 3 2 0
-1.20158 0.626018 -0.178557 3 2 0
-1.21144 0.62606 -0.180979 3 2 0
-1.22129 0.6261 -0.183402 3 2 0
-1.23115 0.626127 -0.185817 3 2 0
-1.24101 0.626152 -0.188228 3 2 0
-1.25086 0.626205 -0.190584 3 2 0
-1.26072 0.626237 -0.192975 3 2 0
-1.27058 0.626267 -0.195394 3 2 0
-1.28044 0.626286 -0.197841 3 2 0
-1.2903 0.626322 -0.200242 3 2 0
-1.30016 0.626355 -0.20264 3 2 0
-1.31002 0.626377 -0.205009 3 2 0
-1.31988 0.626411 -0.207393 3 2 0
-1.32974 0.626442 -0.209773 3 2 0
-1.3396 0.626456 -0.212198 3 2 0
-1.34946 0.626475 -0.214579 3 2 0
-1.35932 0.626492 -0.216968 3 2 0
-1.36918 0.626552 -0.219419 3 2 0
-1.37904 0.626578 -0.221821 3 2 0
-1.3889 0.626601 -0.22422 3 2 0
-1.39877 0.626607 -0.226611 3 2 0
-1.40863 0.626622 -0.22901 3 2 0
-1.41849 0.626637 -0.231406 3 2 0
-1.42836 0.626672 -0.233794 3 2 0
-1.43822 0.626704 -0.23618 3 2 0
-1.44808 0.626733 -0.238563 3 2 0
-1.45795 0.626767 -0.240978 3 2 0
-1.46781 0.626788 -0.243373 3 2 0
-1.47768 0.626806 -0.245765 3 2 0
-1.48755 0.626812 -0.248135 3 2 0
-1.49741 0.626824 -0.250514 3 2 0
-1.50728 0.626834 -0.25289 3 2 0
-1.51714 0.626887 -0.255323 3 2 0
-1.52701 0.626907 -0.257719 3 2 0
-1.53688 0.626925 -0.260112 3 2 0
-1.54675 0.626901 -0.262497 3 2 0
-1.55662 0.626928 -0.264879 3 2 0
-1.56648 0.626953 -0.267259 3 2 0
-1.57635 0.626976 -0.269649 3 2 0
-1.58622 0.626984 -0.272048 3 2 0
-1.59609 0.62699 -0.274444 3 2 0
-1.60596 0.627036 -0.27678 3 2 0
-1.61583 0.627048 -0.27915 3 2 0
-1.6257 0.627058 -0.281517 3 2 0
-1.63557 0.627077 -0.283924 3 2 0
-1.64544 0.62709 -0.2863 3 2 0
-1.65532 0.627101 -0.288709 3 2 0
-1.66519 0.627094 -0.291107 3 2 0
-1.67506 0.627111 -0.293512 3 2 0
-1.68493 0.627126 -0.295915 3 2 0
-1.6948 0.627099 -0.29829 3 2 0
-1.70467 0.627118 -0.300693 3 2 0
-1.71455 0.627134 -0.303093 3 2 0
-1.72442 0.627162 -0.305475 3 2 0
-1.73429 0.627164 -0.307875 3 2 0
-1.74416 0.627165 -0.310273 3 2 0
-1.75404 0.627188 -0.312648 3 2 0
-1.76391 0.627192 -0.315048 3 2 0
-1.77378 0.627194 -0.317447 3 2 0
-1.78365 0.627186 -0.319835 3 2 0
-1.79352 0.627194 -0.322234 3 2 0
-1.80339 0.627201 -0.32463 3 2 0
-1.81326 0.627208 -0.326988 3 2 0
-1.82313 0.627208 -0.329367 3 2 0
-1.833 0.627206 -0.331765 3 2 0
-1.84287 0.627183 -0.334195 3 2 0
-1.85273 0.627188 -0.3366 3 2 0
-1.8626 0.627192 -0.339003 3 2 0
-1.87246 0.627204 -0.341383 3 2 0
-1.88233 0.627201 -0.343793 3 2 0
-1.89219 0.627197 -0.346201 3 2 0
-1.90205 0.627173 -0.348595 3 2 0
-1.9119 0.627172 -0.351008 3 2 0
-1.92176 0.627169 -0.35342 3 2 0
-1.93161 0.62716 -0.355825 3 2 0
-1.94146 0.627147 -0.358228 3 2 0
-1.9513 0.627134 -0.360632 3 2 0
-1.96114 0.627128 -0.363007 3 2 0
-1.97098 0.627113 -0.36544 3 2 0
-1.98082 0.627096 -0.367873 3 2 0
-1.99064 0.627108 -0.37031 3 2 0
-2.00047 0.627095 -0.372743 3 2 0
